-1.292668431494652559e+01
-1.062799101491226850e+01
-1.505947713098472818e+01
-1.097747085880593687e+01
-1.120930670974697385e+01
-1.224246074494049275e+01
-1.476371626919675073e+01
-1.490770387627352633e+01
-8.404986603505887999e+00
-1.485632549328479968e+01
-8.173915648945472512e+00
-1.531019792197630025e+01
-1.301254948455421534e+01
-6.495842702897016707e+00
-6.500834581849026961e+00
-5.109188968438429512e+00
-1.233774765730932188e+01
-3.897425455932282734e+00
-3.946977299841622600e+00
-5.120620295662788202e+00
-4.436344448992080025e+00
-4.597197203386803821e+00
