7.292916647780703698e+00 -3.381000384365366873e+00
7.525215778016141499e+00 -3.381003227219447016e+00
7.757498578629498986e+00 -3.381016637730684504e+00
7.989742386941593999e+00 -3.381062981425409397e+00
8.221906526216891109e+00 -3.381192572313226563e+00
8.453925535881593234e+00 -3.381503422170181405e+00
8.685702420872219776e+00 -3.382167161668755639e+00
8.917102544856739144e+00 -3.383460497213800711e+00
9.147948827471900302e+00 -3.385800757474790146e+00
9.378018996799406537e+00 -3.389783249664064968e+00
9.607045903009023391e+00 -3.396217384056973376e+00
9.834722486236666228e+00 -3.406158008633225709e+00
1.006071410281872325e+01 -3.420928435120275779e+00
1.028468259461401857e+01 -3.442132778007783056e+00
1.050632820655397026e+01 -3.471658293654245053e+00
1.072545533556469977e+01 -3.511674169505642151e+00
1.094206217892238087e+01 -3.564640984332157814e+00
1.115643786006797633e+01 -3.633349737104181632e+00
1.136922460488185038e+01 -3.720999373382670505e+00
1.158138522221468669e+01 -3.831286538473193559e+00
1.179404109610807261e+01 -3.968433893492576914e+00
1.200822309738529192e+01 -4.137072594783444579e+00
1.222465010257004536e+01 -4.341958406711176721e+00
1.244363766378529057e+01 -4.587595993693333263e+00
1.266514908383483373e+01 -4.877880898348674776e+00
1.288892298432170769e+01 -5.215821212543536589e+00
1.311460211304413370e+01 -5.603334217130822914e+00
1.334182383492867530e+01 -6.041083099502488452e+00
1.357026807755168996e+01 -6.528325923088431182e+00
1.379967482266980205e+01 -7.062768807379582015e+00
1.402984495557562461e+01 -7.640431276854086740e+00
1.426063443337273462e+01 -8.255540492899076099e+00
1.449194764770382449e+01 -8.900474915226050499e+00
1.472373326485414324e+01 -9.565779591216802658e+00
1.495598485412991785e+01 -1.024027637481897912e+01
1.518874915729234054e+01 -1.091129363161815569e+01
1.542214726495326538e+01 -1.156504157297721314e+01
1.565641966901675985e+01 -1.218716096054987297e+01
1.589201865140834968e+01 -1.276347256350358172e+01
1.612979760321028522e+01 -1.328094346535449866e+01
1.637139208924627809e+01 -1.372882744760257090e+01
1.661989760558435236e+01 -1.409970199321479889e+01
1.688047419156781359e+01 -1.438944804353011797e+01
1.715800750247910500e+01 -1.459484604400773122e+01
1.744676411213324130e+01 -1.471352506110936176e+01
1.772474410200184280e+01 -1.475809846100354150e+01
1.797371455873194179e+01 -1.476394389751629177e+01
