1.797899999999999920e+01 -1.451500000000000057e+01
1.774669387755102079e+01 -1.451006780291196563e+01
1.751438775510203882e+01 -1.447388357281564275e+01
1.728208163265306041e+01 -1.437896040247134621e+01
1.704977551020408200e+01 -1.420686090403770763e+01
1.681746938775510003e+01 -1.394815533079732894e+01
1.658516326530612162e+01 -1.360114469901846590e+01
1.635285714285714320e+01 -1.317028434113723101e+01
1.612055102040816124e+01 -1.266460924209804872e+01
1.588824489795918282e+01 -1.209628707416993798e+01
1.565593877551020441e+01 -1.147935301136304886e+01
1.542363265306122422e+01 -1.082864531998755631e+01
1.519132653061224403e+01 -1.015894190912030837e+01
1.495902040816326561e+01 -9.484287504524704815e+00
1.472671428571428542e+01 -8.817495244961190082e+00
1.449440816326530523e+01 -8.169803434329775627e+00
1.426210204081632682e+01 -7.550666883270142904e+00
1.402979591836734663e+01 -6.967662123518973516e+00
1.379748979591836644e+01 -6.426486389004191224e+00
1.356518367346938803e+01 -5.931031372905097854e+00
1.333287755102040784e+01 -5.483514213891524491e+00
1.310057142857142765e+01 -5.084649813043975897e+00
1.286826530612244923e+01 -4.733850345188562514e+00
1.263595918367346904e+01 -4.429439637552009756e+00
1.240365306122448885e+01 -4.168871894258716182e+00
1.217134693877551044e+01 -3.948946008756644588e+00
1.193904081632653202e+01 -3.766008398219454989e+00
1.170673469387755006e+01 -3.616138891602862060e+00
1.147442857142857164e+01 -3.495315688941733612e+00
1.124212244897959145e+01 -3.399556770522533355e+00
1.100981632653061304e+01 -3.325036361084020342e+00
1.077751020408163285e+01 -3.268176139403374592e+00
1.054520408163265444e+01 -3.225711823183806004e+00
1.031289795918367247e+01 -3.194736550869611946e+00
1.008059183673469406e+01 -3.172723125559086199e+00
9.848285714285715642e+00 -3.157527682958964022e+00
9.615979591836735452e+00 -3.147377698307433747e+00
9.383673469387755262e+00 -3.140847460875574981e+00
9.151367346938775071e+00 -3.136824224997019073e+00
8.919061224489796658e+00 -3.134468200999450005e+00
8.686755102040816467e+00 -3.133169386854687488e+00
8.454448979591838054e+00 -3.132503972358174238e+00
8.222142857142857864e+00 -3.132192684466478028e+00
7.989836734693877673e+00 -3.132062999299904504e+00
7.757530612244899260e+00 -3.132016639791231682e+00
7.525224489795919069e+00 -3.132003227371846776e+00
7.292918367346938879e+00 -3.132000384371304236e+00
7.060612244897960466e+00 -3.132000018811490705e+00
6.828306122448980275e+00 -3.132000000105014337e+00
6.596000000000000085e+00 -3.131999999999999673e+00
