-4.078515805304050446e-03 9.387585639953613281e+00
1.631907671689987183e-01 3.719259977340698242e+00
1.248782575130462646e-01 3.777611255645751953e+00
9.541311860084533691e-02 3.842308759689331055e+00
8.620020747184753418e-02 3.857286691665649414e+00
6.876290589570999146e-02 3.921838045120239258e+00
5.980021134018898010e-02 3.968067884445190430e+00
1.383366733789443970e-01 3.754588603973388672e+00
-2.606536028906702995e-03 7.174034118652343750e+00
4.654252529144287109e-02 3.983254671096801758e+00
1.421128958463668823e-01 3.743107080459594727e+00
-4.025030415505170822e-03 9.246135711669921875e+00
-1.926194643601775169e-03 6.703971862792968750e+00
2.327305031940340996e-03 5.107675075531005859e+00
9.915214031934738159e-03 4.157884597778320312e+00
1.783861964941024780e-02 4.137714862823486328e+00
2.018487639725208282e-02 4.100313186645507812e+00
-3.957956563681364059e-03 8.853748321533203125e+00
-1.945839176187291741e-05 5.916179656982421875e+00
1.534628570079803467e-01 3.730580806732177734e+00
2.836070396006107330e-02 4.084750652313232422e+00
7.706470321863889694e-03 4.380536556243896484e+00
6.902269553393125534e-03 4.564892292022705078e+00
3.812924399971961975e-02 4.047986984252929688e+00
1.521845906972885132e-01 3.742703199386596680e+00
5.007118452340364456e-03 4.663362026214599609e+00
3.466023830696940422e-03 4.902764797210693359e+00
5.229422240518033504e-04 5.662679672241210938e+00
-3.933953586965799332e-03 8.606088638305664062e+00
9.436361491680145264e-02 3.855457305908203125e+00
-7.400332251563668251e-04 6.186290740966796875e+00
-3.550983266904950142e-03 8.220921516418457031e+00
6.185096129775047302e-02 3.936985731124877930e+00
-2.038901438936591148e-03 6.925734996795654297e+00
-3.747466951608657837e-03 8.403105735778808594e+00
4.250996559858322144e-02 4.027066230773925781e+00
9.113450534641742706e-03 4.265213966369628906e+00
2.835951559245586395e-02 4.094488143920898438e+00
4.463417921215295792e-03 4.832004547119140625e+00
-1.493825926445424557e-03 6.460019588470458984e+00
-1.421908033080399036e-03 6.435305118560791016e+00
-7.574160117655992508e-04 6.208285331726074219e+00
1.382377813570201397e-04 5.826785564422607422e+00
9.941699681803584099e-04 5.515194416046142578e+00
6.871332228183746338e-02 3.926334381103515625e+00
-3.350130049511790276e-03 7.852029323577880859e+00
-3.398370696231722832e-03 8.068255424499511719e+00
-3.957767039537429810e-03 8.851778984069824219e+00
-3.099153516814112663e-03 7.783987998962402344e+00
1.815752126276493073e-03 5.448390960693359375e+00
