1.914200037717819214e-01 3.763358354568481445e+00
-7.815226912498474121e-03 9.313844680786132812e+00
1.489688009023666382e-01 3.801031112670898438e+00
1.913635134696960449e-01 3.793731689453125000e+00
2.310176752507686615e-02 4.052524566650390625e+00
1.352274417877197266e-01 3.810618400573730469e+00
5.114133283495903015e-02 4.041743755340576172e+00
-7.719202898442745209e-03 8.740513801574707031e+00
9.793542325496673584e-02 3.868400335311889648e+00
1.194294467568397522e-01 3.852991580963134766e+00
-7.749240379780530930e-03 9.287940025329589844e+00
-5.651273764669895172e-03 7.424192428588867188e+00
-7.031466811895370483e-03 8.152348518371582031e+00
-6.118953227996826172e-03 7.748101711273193359e+00
1.207407712936401367e-01 3.830986261367797852e+00
9.356481581926345825e-02 3.878001689910888672e+00
-6.267506629228591919e-03 7.877059936523437500e+00
-1.325499732047319412e-03 5.921734333038330078e+00
8.254920691251754761e-02 3.898268461227416992e+00
3.625540062785148621e-03 4.964838981628417969e+00
-7.159648928791284561e-03 8.334026336669921875e+00
6.825640052556991577e-02 3.957467079162597656e+00
-5.206614267081022263e-03 7.260855674743652344e+00
1.159632462076842785e-03 5.317039966583251953e+00
8.479288779199123383e-03 4.372573375701904297e+00
6.171450018882751465e-02 3.995342493057250977e+00
-2.083822386339306831e-03 6.082790851593017578e+00
2.031178446486592293e-03 5.152157306671142578e+00
-7.726835319772362709e-04 5.728929042816162109e+00
5.570677574723958969e-03 4.735002994537353516e+00
5.832590907812118530e-02 4.024272441864013672e+00
1.182800251990556717e-02 4.215834140777587891e+00
-3.571287030354142189e-03 6.526147365570068359e+00
7.203814107924699783e-03 4.509397029876708984e+00
-4.913203418254852295e-03 7.092391014099121094e+00
-3.061545547097921371e-03 6.387909889221191406e+00
6.104593630880117416e-04 5.461637020111083984e+00
2.261285670101642609e-02 4.079007148742675781e+00
5.712000187486410141e-03 4.703352928161621094e+00
7.568196952342987061e-02 3.917351007461547852e+00
1.403685566037893295e-02 4.089400768280029297e+00
7.310060411691665649e-02 3.946858882904052734e+00
-7.485353387892246246e-03 8.521903038024902344e+00
-4.396465606987476349e-03 6.970546722412109375e+00
-3.893890185281634331e-03 6.681477546691894531e+00
3.286954481154680252e-03 5.039847850799560547e+00
-4.323678556829690933e-03 6.869715690612792969e+00
5.131449550390243530e-02 4.024659633636474609e+00
8.075259625911712646e-02 3.901332616806030273e+00
-4.182830918580293655e-03 6.746571063995361328e+00
