-4.148994572460651398e-03 9.114355087280273438e+00
1.673650592565536499e-01 3.682563543319702148e+00
9.180614352226257324e-02 3.812908649444580078e+00
1.233570799231529236e-01 3.769751548767089844e+00
1.568190753459930420e-01 3.720810890197753906e+00
1.307544410228729248e-01 3.730583190917968750e+00
3.653353825211524963e-02 3.973872661590576172e+00
5.594513192772865295e-02 3.939089775085449219e+00
7.992924749851226807e-02 3.841366767883300781e+00
-9.572235285304486752e-04 6.194445133209228516e+00
3.156347200274467468e-02 4.012612819671630859e+00
2.265781722962856293e-02 4.046939849853515625e+00
1.778541016392409801e-03 5.267001628875732422e+00
7.245903462171554565e-02 3.851315259933471680e+00
1.114855986088514328e-02 4.103683948516845703e+00
6.723333150148391724e-02 3.867462396621704102e+00
3.930234815925359726e-03 4.810297489166259766e+00
-1.486841007135808468e-03 6.469836711883544922e+00
-4.129352746531367302e-04 5.970867633819580078e+00
9.283489547669887543e-03 4.187480926513671875e+00
4.167416191194206476e-04 5.685506820678710938e+00
-4.081720020622014999e-03 8.898778915405273438e+00
1.569551527500152588e-01 3.704372167587280273e+00
-2.427522325888276100e-03 7.049254417419433594e+00
7.028175517916679382e-03 4.363030910491943359e+00
-2.582797780632972717e-03 7.272674083709716797e+00
-8.396644261665642262e-05 5.830770492553710938e+00
-3.249987261369824409e-03 7.844695091247558594e+00
-2.107639098539948463e-03 6.773519039154052734e+00
4.995042458176612854e-03 4.609294891357421875e+00
1.872069202363491058e-02 4.058867454528808594e+00
-3.985789138823747635e-03 8.742997169494628906e+00
-3.817160846665501595e-03 8.537775993347167969e+00
-2.194846747443079948e-03 6.944213390350341797e+00
-3.008006373420357704e-03 7.626035213470458984e+00
1.277762581594288349e-03 5.493266105651855469e+00
2.792699262499809265e-03 5.039484500885009766e+00
1.244267076253890991e-01 3.745811939239501953e+00
6.053041666746139526e-02 3.900807380676269531e+00
3.291625762358307838e-03 4.969492912292480469e+00
-3.553076414391398430e-03 8.132376670837402344e+00
6.523706950247287750e-03 4.436326980590820312e+00
1.642776187509298325e-03 5.448385238647460938e+00
-1.626196084544062614e-03 6.660234451293945312e+00
5.330563988536596298e-03 4.559712886810302734e+00
-2.870578551664948463e-03 7.457376956939697266e+00
1.307344436645507812e-01 3.742339849472045898e+00
-3.452563658356666565e-03 8.015452384948730469e+00
-3.892370732501149178e-03 8.618077278137207031e+00
-3.716104431077837944e-03 8.337648391723632812e+00
