-1.629227638244628906e+00 -1.020322203636169434e+00
-5.939404964447021484e-01 -1.589085102081298828e+00
-1.374529480934143066e+00 -1.206928491592407227e+00
-1.011538505554199219e+00 -1.210482716560363770e+00
-1.628636717796325684e+00 -1.043952584266662598e+00
-8.668143749237060547e-01 -1.357533931732177734e+00
-1.620932936668395996e+00 -1.082348823547363281e+00
-6.135769486427307129e-01 -1.579822540283203125e+00
-6.490238308906555176e-01 -1.566346049308776855e+00
-8.903254866600036621e-01 -1.325523376464843750e+00
-1.578436493873596191e+00 -1.154957890510559082e+00
-1.524131774902343750e+00 -1.189253449440002441e+00
-7.489917874336242676e-01 -1.493912816047668457e+00
-7.675706148147583008e-01 -1.466711163520812988e+00
-1.415292024612426758e+00 -1.205919981002807617e+00
-7.915397882461547852e-01 -1.456315636634826660e+00
-1.604183912277221680e+00 -1.123001933097839355e+00
-8.053284287452697754e-01 -1.427667856216430664e+00
-9.871679544448852539e-01 -1.225206375122070312e+00
-6.706241369247436523e-01 -1.560219168663024902e+00
-1.558473229408264160e+00 -1.172716736793518066e+00
-7.221370339393615723e-01 -1.528192043304443359e+00
-8.532267212867736816e-01 -1.370140910148620605e+00
-9.118425846099853516e-01 -1.311349868774414062e+00
-8.452635407447814941e-01 -1.380123972892761230e+00
-1.460045695304870605e+00 -1.201859474182128906e+00
-6.831479668617248535e-01 -1.549337148666381836e+00
-9.389179944992065430e-01 -1.281000375747680664e+00
-1.595355629920959473e+00 -1.140774369239807129e+00
-9.166808724403381348e-01 -1.296885132789611816e+00
-1.545848965644836426e+00 -1.180944442749023438e+00
-1.440073728561401367e+00 -1.204762816429138184e+00
-9.540210366249084473e-01 -1.262715578079223633e+00
-1.495163679122924805e+00 -1.196051359176635742e+00
-1.006791114807128906e+00 -1.211599826812744141e+00
-9.361152648925781250e-01 -1.283580183982849121e+00
-8.254735469818115234e-01 -1.410884857177734375e+00
-7.084422707557678223e-01 -1.535908818244934082e+00
-1.614511728286743164e+00 -1.094629168510437012e+00
-6.995383501052856445e-01 -1.543453693389892578e+00
-7.302762866020202637e-01 -1.513329505920410156e+00
-8.196932077407836914e-01 -1.418245434761047363e+00
-7.402713894844055176e-01 -1.511263489723205566e+00
-8.950411081314086914e-01 -1.324502229690551758e+00
-9.576386213302612305e-01 -1.258499145507812500e+00
-9.850316047668457031e-01 -1.236060023307800293e+00
-1.487946033477783203e+00 -1.197689414024353027e+00
-8.388114571571350098e-01 -1.395820379257202148e+00
-9.741664528846740723e-01 -1.246354579925537109e+00
-1.583590149879455566e+00 -1.141576051712036133e+00
