3.435846567153930664e-01 3.708414793014526367e+00
-1.829988090321421623e-03 1.169379329681396484e+01
1.534771472215652466e-01 3.981139898300170898e+00
3.331836163997650146e-01 3.920297861099243164e+00
3.652280941605567932e-02 7.937591552734375000e+00
7.849312573671340942e-02 6.108536243438720703e+00
4.224033653736114502e-02 7.582803249359130859e+00
9.463403373956680298e-02 5.363871097564697266e+00
7.077671587467193604e-02 6.487530231475830078e+00
5.002512410283088684e-02 7.389674186706542969e+00
1.029237061738967896e-01 5.129786491394042969e+00
5.576330795884132385e-02 6.977392673492431641e+00
1.288422197103500366e-02 9.608221054077148438e+00
8.595164865255355835e-03 9.785984992980957031e+00
1.397232860326766968e-01 4.078299999237060547e+00
3.220016136765480042e-02 8.104813575744628906e+00
8.967159688472747803e-02 5.551073551177978516e+00
1.069018617272377014e-01 4.985327243804931641e+00
-1.520682708360254765e-03 1.141118717193603516e+01
5.542413331568241119e-03 1.011823368072509766e+01
1.557463128119707108e-02 9.084428787231445312e+00
1.567105529829859734e-03 1.064936351776123047e+01
1.180779933929443359e-01 4.649463653564453125e+00
2.143084257841110229e-02 8.797419548034667969e+00
3.398742377758026123e-01 3.710854768753051758e+00
1.123770847916603088e-01 4.802404403686523438e+00
5.446069873869419098e-03 1.041640472412109375e+01
4.550052806735038757e-02 7.416069507598876953e+00
3.339619338512420654e-01 3.867405176162719727e+00
8.255991339683532715e-02 6.011028766632080078e+00
8.387861400842666626e-02 5.880933284759521484e+00
4.824991803616285324e-03 1.047649860382080078e+01
1.451364811509847641e-02 9.335401535034179688e+00
6.134378910064697266e-02 6.803383827209472656e+00
1.301685348153114319e-03 1.078802299499511719e+01
8.534137904644012451e-02 5.727566719055175781e+00
1.106145977973937988e-01 4.856999397277832031e+00
2.476412989199161530e-02 8.685584068298339844e+00
2.669155783951282501e-02 8.449831962585449219e+00
5.960239097476005554e-02 6.951093196868896484e+00
-1.829802524298429489e-03 1.169379138946533203e+01
6.716436147689819336e-02 6.541180133819580078e+00
6.484734360128641129e-03 9.986856460571289062e+00
2.949200011789798737e-02 8.258384704589843750e+00
2.485092729330062866e-02 8.567500114440917969e+00
8.294900180771946907e-04 1.094603538513183594e+01
2.004108577966690063e-02 8.959845542907714844e+00
8.740217983722686768e-02 5.652395725250244141e+00
1.475397404283285141e-02 9.330214500427246094e+00
1.276542693376541138e-01 4.443889617919921875e+00
