2.080511627197265625e+02 1.255988216400146484e+01
-3.420158863067626953e+00 1.763727569580078125e+02
7.288113403320312500e+01 3.482587432861328125e+01
6.649913024902343750e+01 7.827912902832031250e+01
1.643901824951171875e+02 1.264575767517089844e+01
7.616127014160156250e+01 3.305521011352539062e+01
1.469166564941406250e+02 1.321505451202392578e+01
1.201872253417968750e+01 1.410402374267578125e+02
3.169431877136230469e+01 1.123073501586914062e+02
8.125984954833984375e+01 2.225103759765625000e+01
3.466930007934570312e+01 1.084683761596679688e+02
-2.559061527252197266e+00 1.729414520263671875e+02
1.320482482910156250e+02 1.347301864624023438e+01
-1.767043232917785645e+00 1.635883178710937500e+02
5.536376571655273438e+01 8.318086242675781250e+01
1.174195251464843750e+02 1.463698101043701172e+01
7.904808998107910156e+00 1.451686706542968750e+02
2.857830047607421875e+01 1.188943176269531250e+02
2.065744018554687500e+01 1.341789855957031250e+02
4.019092941284179688e+01 9.799848937988281250e+01
1.267701721191406250e+02 1.409442234039306641e+01
8.730102539062500000e+01 2.134718132019042969e+01
2.725082397460937500e+00 1.509860382080078125e+02
2.280794143676757812e+01 1.288467102050781250e+02
4.230970382690429688e+01 9.428246307373046875e+01
1.539237365722656250e+02 1.279673194885253906e+01
4.905760955810546875e+01 8.632439422607421875e+01
1.506920099258422852e+00 1.552859802246093750e+02
1.112866516113281250e+02 1.480307579040527344e+01
1.654010391235351562e+01 1.363599395751953125e+02
9.215216827392578125e+01 1.957870483398437500e+01
3.671252441406250000e+01 1.021662445068359375e+02
2.605991744995117188e+01 1.241329498291015625e+02
6.190752410888671875e+01 8.092909240722656250e+01
-2.461898177862167358e-01 1.581181945800781250e+02
9.569186401367187500e+01 1.871003150939941406e+01
6.095009994506835938e+01 8.234412384033203125e+01
2.488397789001464844e+01 1.269859390258789062e+02
2.717272186279296875e+01 1.202178268432617188e+02
3.695609283447265625e+01 1.013808670043945312e+02
4.515855789184570312e+01 9.149993133544921875e+01
-4.657093882560729980e-01 1.613351135253906250e+02
4.639770507812500000e+01 9.061782073974609375e+01
4.867947006225585938e+01 8.769885253906250000e+01
6.645341491699218750e+01 7.832114410400390625e+01
9.938766479492187500e+01 1.761473464965820312e+01
1.060787429809570312e+02 1.517980575561523438e+01
1.515322113037109375e+02 1.286497020721435547e+01
5.385542869567871094e+00 1.476806640625000000e+02
8.130892181396484375e+01 2.205772590637207031e+01
