2.994082641601562500e+02 4.268236756324768066e-01
-2.244386434555053711e+00 1.842184143066406250e+02
9.650713348388671875e+01 4.537063598632812500e+01
1.283315124511718750e+02 4.536388397216796875e+01
1.928146514892578125e+02 3.830369567871093750e+01
1.717388153076171875e+01 9.476562500000000000e+01
7.423737335205078125e+01 4.891482162475585938e+01
2.214958648681640625e+02 2.846370697021484375e+01
1.813049697875976562e+01 8.719438171386718750e+01
2.916297912597656250e+02 4.438307762145996094e+00
2.841305847167968750e+02 8.533725738525390625e+00
8.567221069335937500e+01 4.725561523437500000e+01
2.054541625976562500e+02 3.542107391357421875e+01
1.456550693511962891e+01 1.047859954833984375e+02
2.216299247741699219e+01 7.960402679443359375e+01
3.267060470581054688e+01 6.842840576171875000e+01
7.940156936645507812e+00 1.184184875488281250e+02
2.525702056884765625e+02 1.811987495422363281e+01
1.778866577148437500e+02 4.119733047485351562e+01
6.390099048614501953e+00 1.252788543701171875e+02
2.745789184570312500e+02 1.119344902038574219e+01
1.456732273101806641e+00 1.532286376953125000e+02
5.984434127807617188e+01 5.100748443603515625e+01
1.413839263916015625e+02 4.493956756591796875e+01
3.542948532104492188e+01 6.393850326538085938e+01
-1.265685200691223145e+00 1.665058898925781250e+02
1.470591430664062500e+02 4.364089965820312500e+01
1.907976269721984863e+00 1.454258270263671875e+02
2.775933837890625000e+01 7.443640136718750000e+01
2.435414886474609375e+02 2.179294586181640625e+01
2.028073577880859375e+02 3.635371780395507812e+01
1.160760211944580078e+01 1.072901916503906250e+02
1.599175872802734375e+02 4.348073959350585938e+01
2.676405029296875000e+02 1.271613502502441406e+01
2.593249816894531250e+02 1.643903923034667969e+01
3.606288433074951172e+00 1.387339019775390625e+02
1.617871093750000000e+02 4.226830673217773438e+01
-1.976005792617797852e+00 1.750643768310546875e+02
2.408496551513671875e+02 2.194399452209472656e+01
2.235295410156250000e+02 2.759007644653320312e+01
5.714556884765625000e+01 5.181974792480468750e+01
2.367369842529296875e+02 2.700786972045898438e+01
-1.851161003112792969e+00 1.726984710693359375e+02
2.649382934570312500e+02 1.556881427764892578e+01
4.984866333007812500e+01 5.408747863769531250e+01
4.356055831909179688e+01 5.817546844482421875e+01
5.316319942474365234e+00 1.313998870849609375e+02
-2.176373004913330078e+00 1.819539031982421875e+02
2.347165832519531250e+02 2.728574943542480469e+01
2.635043525695800781e+01 7.633501434326171875e+01
