-1.731290340423583984e+00 -4.783622026443481445e-01
-5.992268919944763184e-01 -1.588773846626281738e+00
-1.615615606307983398e+00 -6.551971435546875000e-01
-1.004218101501464844e+00 -1.206858992576599121e+00
-1.614139080047607422e+00 -1.048281431198120117e+00
-1.347413539886474609e+00 -1.200485467910766602e+00
-1.495472311973571777e+00 -1.194581270217895508e+00
-1.391447186470031738e+00 -1.195057630538940430e+00
-1.531816124916076660e+00 -1.155288219451904297e+00
-7.718454003334045410e-01 -1.483198642730712891e+00
-9.742028713226318359e-01 -1.240856051445007324e+00
-1.584880471229553223e+00 -1.132170796394348145e+00
-7.867850065231323242e-01 -1.440601706504821777e+00
-8.167060613632202148e-01 -1.417170405387878418e+00
-1.519472837448120117e+00 -1.164612174034118652e+00
-1.606368303298950195e+00 -1.098885774612426758e+00
-6.202444434165954590e-01 -1.582247972488403320e+00
-8.467197418212890625e-01 -1.396719336509704590e+00
-6.485296487808227539e-01 -1.566610455513000488e+00
-1.623197436332702637e+00 -6.217298507690429688e-01
-6.691126227378845215e-01 -1.563753604888916016e+00
-8.940398097038269043e-01 -1.340165734291076660e+00
-1.701646089553833008e+00 -5.235170125961303711e-01
-7.377448678016662598e-01 -1.506378412246704102e+00
-7.555087208747863770e-01 -1.505968928337097168e+00
-1.698933482170104980e+00 -5.482876896858215332e-01
-8.710551261901855469e-01 -1.370705723762512207e+00
-1.593587517738342285e+00 -1.129101634025573730e+00
-8.763962984085083008e-01 -1.352919578552246094e+00
-8.041133880615234375e-01 -1.433629035949707031e+00
-9.563881158828735352e-01 -1.269348382949829102e+00
-1.608857989311218262e+00 -1.071877479553222656e+00
-9.425202012062072754e-01 -1.284763455390930176e+00
-8.546211719512939453e-01 -1.385980248451232910e+00
-7.264239788055419922e-01 -1.536963939666748047e+00
-1.710922718048095703e+00 -4.995835423469543457e-01
-1.647398114204406738e+00 -6.063835024833679199e-01
-9.649310708045959473e-01 -1.255861520767211914e+00
-9.133096337318420410e-01 -1.318834543228149414e+00
-7.190656065940856934e-01 -1.537731409072875977e+00
-1.660646080970764160e+00 -5.733659267425537109e-01
-9.291431307792663574e-01 -1.297014117240905762e+00
-1.722491860389709473e+00 -4.955020844936370850e-01
-6.920801997184753418e-01 -1.545878410339355469e+00
-1.621902585029602051e+00 -6.477266550064086914e-01
-9.100264906883239746e-01 -1.322594523429870605e+00
-1.649230837821960449e+00 -5.999307036399841309e-01
-1.659599423408508301e+00 -5.791616439819335938e-01
-1.683802247047424316e+00 -5.614913105964660645e-01
-6.926051378250122070e-01 -1.545804142951965332e+00
