-4.048563539981842041e-03 9.393721580505371094e+00
2.184787839651107788e-01 3.679209232330322266e+00
1.920438557863235474e-01 3.712803363800048828e+00
1.703724265098571777e-01 3.724565505981445312e+00
7.421384751796722412e-02 3.938838481903076172e+00
1.070050373673439026e-01 3.836830377578735352e+00
1.003541499376296997e-01 3.863310813903808594e+00
-4.868378746323287487e-04 5.974083900451660156e+00
-8.598107378929853439e-04 6.311899662017822266e+00
1.269444078207015991e-01 3.826728820800781250e+00
-3.960584290325641632e-03 8.896552085876464844e+00
5.668259039521217346e-02 3.984616279602050781e+00
-4.018674138933420181e-03 9.345822334289550781e+00
3.764669224619865417e-02 4.069722652435302734e+00
8.422352373600006104e-02 3.907171726226806641e+00
-2.739805728197097778e-03 7.217809200286865234e+00
-3.609768347814679146e-03 8.094305038452148438e+00
1.630916744470596313e-01 3.744009971618652344e+00
3.636835888028144836e-02 4.127976417541503906e+00
1.371969431638717651e-01 3.784812450408935547e+00
3.908628132194280624e-03 4.889042377471923828e+00
1.435310691595077515e-01 3.778397083282470703e+00
5.811391398310661316e-03 4.581793308258056641e+00
2.078388631343841553e-01 3.701326370239257812e+00
-3.843882819637656212e-03 8.656480789184570312e+00
5.282265692949295044e-02 4.052832126617431641e+00
-1.430844422429800034e-03 6.498960494995117188e+00
2.784425159916281700e-03 5.236657619476318359e+00
2.207701653242111206e-02 4.136858940124511719e+00
-3.363099414855241776e-03 7.805510520935058594e+00
-3.797533921897411346e-03 8.408835411071777344e+00
-1.931094331666827202e-03 6.681214332580566406e+00
1.744621060788631439e-02 4.188945770263671875e+00
-2.186631783843040466e-03 7.013960838317871094e+00
4.134815651923418045e-03 4.829639434814453125e+00
1.624324358999729156e-03 5.433221817016601562e+00
-2.101080492138862610e-03 6.862983226776123047e+00
9.611962363123893738e-03 4.205809593200683594e+00
-3.683494869619607925e-03 8.278249740600585938e+00
1.269758045673370361e-01 3.808498859405517578e+00
2.184569090604782104e-01 3.684008836746215820e+00
2.078401297330856323e-01 3.699982166290283203e+00
8.405335992574691772e-02 3.936640024185180664e+00
7.766256458126008511e-04 5.540978908538818359e+00
5.879660238861106336e-05 5.780101776123046875e+00
-2.945945365354418755e-03 7.477419853210449219e+00
1.529714912176132202e-01 3.749428510665893555e+00
6.507352460175752640e-03 4.471377849578857422e+00
1.529563963413238525e-01 3.759104728698730469e+00
-3.911566454917192459e-03 8.823636054992675781e+00
