2.949254810810089111e-01 3.693993330001831055e+00
-1.262095849961042404e-02 9.189482688903808594e+00
2.789648771286010742e-01 3.697436809539794922e+00
8.349493891000747681e-02 3.979220151901245117e+00
2.407343238592147827e-01 3.712824344635009766e+00
4.421965777873992920e-02 3.999618530273437500e+00
2.095434367656707764e-01 3.737825632095336914e+00
-2.740743337199091911e-03 5.884412765502929688e+00
-4.887794610112905502e-03 6.269727706909179688e+00
1.946661174297332764e-01 3.767092466354370117e+00
1.629049330949783325e-01 3.783076047897338867e+00
1.022458449006080627e-01 3.864753484725952148e+00
1.477840989828109741e-01 3.800994157791137695e+00
8.953759074211120605e-02 3.899781942367553711e+00
1.170546631328761578e-03 5.323170185089111328e+00
2.301271408796310425e-01 3.724891185760498047e+00
-1.155361253768205643e-02 8.330483436584472656e+00
-8.709312416613101959e-03 7.371132373809814453e+00
-1.225513312965631485e-02 8.791830062866210938e+00
5.416559986770153046e-03 4.903809547424316406e+00
-1.249057147651910782e-02 9.040001869201660156e+00
-7.103596813976764679e-03 6.880993366241455078e+00
-1.392675912939012051e-03 5.683739662170410156e+00
-9.806518442928791046e-03 7.687424182891845703e+00
-1.065647136420011520e-02 7.821842193603515625e+00
8.834403939545154572e-03 4.570132255554199219e+00
-6.782770622521638870e-03 6.720101833343505859e+00
3.142835339531302452e-03 5.086077690124511719e+00
2.751190774142742157e-02 4.068040370941162109e+00
-9.751670062541961670e-03 7.478711605072021484e+00
-1.208729669451713562e-02 8.542285919189453125e+00
1.185464933514595032e-01 3.851056814193725586e+00
-8.448715321719646454e-03 7.083500862121582031e+00
1.186089366674423218e-01 3.843568563461303711e+00
-5.773289129137992859e-03 6.468317031860351562e+00
1.802247762680053711e-02 4.310713768005371094e+00
1.947478055953979492e-01 3.745336055755615234e+00
1.338462531566619873e-01 3.823985099792480469e+00
1.629048734903335571e-01 3.783080577850341797e+00
1.852765306830406189e-02 4.184681892395019531e+00
2.216220833361148834e-02 4.097840309143066406e+00
1.338835358619689941e-01 3.821524143218994141e+00
-1.188869719044305384e-04 5.453716754913330078e+00
-6.195324938744306564e-03 6.545794963836669922e+00
-1.089388225227594376e-02 8.020365715026855469e+00
1.490468718111515045e-02 4.474316596984863281e+00
-1.131629757583141327e-02 8.136439323425292969e+00
-6.543236086145043373e-04 5.562256336212158203e+00
-1.224714983254671097e-02 8.639828681945800781e+00
7.914540357887744904e-03 4.704483509063720703e+00
