-3.863160090986639261e-04 1.031052398681640625e+01
3.079585731029510498e-01 4.780569553375244141e+00
2.424551248550415039e-01 4.832418441772460938e+00
2.884380817413330078e-01 4.827785968780517578e+00
1.405836790800094604e-01 5.103586673736572266e+00
1.654885113239288330e-01 4.973867416381835938e+00
2.167221456766128540e-01 4.838023662567138672e+00
1.305599212646484375e-01 5.111217498779296875e+00
4.312998056411743164e-02 7.072857379913330078e+00
1.487017329782247543e-02 8.537243843078613281e+00
7.956998795270919800e-02 5.914357185363769531e+00
6.849734485149383545e-02 6.146246433258056641e+00
3.183471038937568665e-02 7.600032329559326172e+00
1.798777878284454346e-01 4.943763256072998047e+00
4.067299887537956238e-02 7.315297126770019531e+00
2.607332170009613037e-02 7.795848369598388672e+00
1.039242604747414589e-03 1.003969383239746094e+01
4.769429564476013184e-02 6.805149078369140625e+00
1.199131011962890625e-01 5.246424674987792969e+00
3.067768812179565430e-01 4.797063827514648438e+00
7.547157350927591324e-03 9.121493339538574219e+00
9.116507135331630707e-03 8.964216232299804688e+00
5.657460913062095642e-02 6.650612354278564453e+00
2.374798618257045746e-02 7.911211490631103516e+00
1.921564489603042603e-01 4.929562091827392578e+00
8.148879557847976685e-02 5.874268054962158203e+00
4.748115316033363342e-02 6.924506664276123047e+00
8.891297876834869385e-02 5.704400539398193359e+00
1.099960207939147949e-01 5.380476951599121094e+00
1.239082589745521545e-02 8.710467338562011719e+00
9.759006649255752563e-02 5.543224334716796875e+00
1.877501793205738068e-02 8.316263198852539062e+00
1.951113808900117874e-03 9.914047241210937500e+00
1.141299121081829071e-02 8.808431625366210938e+00
1.153211221098899841e-01 5.274402141571044922e+00
2.116756737232208252e-01 4.869366168975830078e+00
8.831784129142761230e-02 5.715713500976562500e+00
2.319936268031597137e-02 8.108167648315429688e+00
1.683375090360641479e-01 4.961402893066406250e+00
6.370707601308822632e-02 6.392574310302734375e+00
1.990253925323486328e-01 4.881476879119873047e+00
6.698274612426757812e-02 6.252719879150390625e+00
3.455689921975135803e-02 7.474557876586914062e+00
3.927503898739814758e-02 7.462074756622314453e+00
2.993167843669652939e-03 9.754306793212890625e+00
1.016920134425163269e-01 5.425850868225097656e+00
5.950610153377056122e-03 9.290461540222167969e+00
5.610522814095020294e-03 9.418816566467285156e+00
1.035612896084785461e-01 5.399123668670654297e+00
9.789289534091949463e-02 5.536554813385009766e+00
