-9.823810309171676636e-03 9.749845504760742188e+00
2.370352298021316528e-01 3.747465848922729492e+00
1.537806540727615356e-01 3.798400878906250000e+00
2.122797071933746338e-01 3.794419050216674805e+00
1.168625354766845703e-01 3.866571903228759766e+00
8.433098345994949341e-02 3.899285078048706055e+00
5.776540562510490417e-02 3.961127996444702148e+00
8.693798445165157318e-03 4.517481803894042969e+00
-7.330299355089664459e-03 7.723502635955810547e+00
8.069348335266113281e-02 3.941521406173706055e+00
-8.175135590136051178e-03 8.120576858520507812e+00
2.306554466485977173e-01 3.751047849655151367e+00
3.354354947805404663e-02 4.030674934387207031e+00
-5.398422479629516602e-03 6.883399963378906250e+00
-9.112607687711715698e-03 8.705554962158203125e+00
-3.278988879173994064e-04 5.676846027374267578e+00
-3.399419831112027168e-03 6.336674213409423828e+00
1.384685188531875610e-01 3.809593200683593750e+00
2.146603316068649292e-01 3.760077476501464844e+00
1.973901875317096710e-03 5.389788150787353516e+00
-4.622475244104862213e-03 6.651799201965332031e+00
4.930064827203750610e-02 4.018533229827880859e+00
6.535386200994253159e-03 4.782341480255126953e+00
-9.404569864273071289e-03 8.931474685668945312e+00
-9.696708060801029205e-03 9.437623023986816406e+00
3.621281357482075691e-03 5.165801048278808594e+00
-8.314734324812889099e-03 8.257529258728027344e+00
-6.483116187155246735e-03 7.388457775115966797e+00
-6.771768908947706223e-03 7.556171894073486328e+00
3.103287331759929657e-02 4.068665504455566406e+00
-5.402966402471065521e-03 7.115643978118896484e+00
-3.808439010754227638e-03 6.522000312805175781e+00
1.909914542920887470e-03 5.532238006591796875e+00
1.369608193635940552e-02 4.324337959289550781e+00
1.352566033601760864e-01 3.838269710540771484e+00
-9.779918938875198364e-03 9.546457290649414062e+00
-2.102742902934551239e-03 6.150525093078613281e+00
1.583029143512248993e-02 4.152602672576904297e+00
-6.168950814753770828e-03 7.210983753204345703e+00
-9.509829804301261902e-03 9.174281120300292969e+00
4.312119446694850922e-03 4.991347312927246094e+00
-8.997028926387429237e-04 5.905814170837402344e+00
5.062865465879440308e-02 3.999633312225341797e+00
5.512424279004335403e-03 4.834709644317626953e+00
2.142856456339359283e-02 4.088947772979736328e+00
-8.749579079449176788e-03 8.477779388427734375e+00
-1.274975133128464222e-03 6.079360485076904297e+00
1.255405247211456299e-01 3.844460725784301758e+00
-9.478061459958553314e-03 9.088620185852050781e+00
-8.818464353680610657e-03 8.501316070556640625e+00
