2.519611418247222900e-01 3.642352581024169922e+00
-1.972262747585773468e-03 8.393209457397460938e+00
2.283034622669219971e-01 3.650481700897216797e+00
1.972229033708572388e-01 3.653843879699707031e+00
1.117307171225547791e-01 3.766826868057250977e+00
1.356372535228729248e-01 3.754075527191162109e+00
-1.938240020535886288e-03 8.029056549072265625e+00
-7.352586253546178341e-04 6.129136562347412109e+00
1.882360875606536865e-01 3.669555902481079102e+00
3.267278661951422691e-03 4.689191341400146484e+00
-1.880813040770590305e-03 7.633820533752441406e+00
2.437673062086105347e-01 3.646514892578125000e+00
-2.668143133632838726e-04 5.782960891723632812e+00
3.851778060197830200e-02 3.980278968811035156e+00
5.073328968137502670e-03 4.514627933502197266e+00
2.911132015287876129e-02 4.021069049835205078e+00
1.553727835416793823e-01 3.709756135940551758e+00
6.406535860151052475e-03 4.323875904083251953e+00
-1.329369959421455860e-03 6.872171401977539062e+00
-1.956153195351362228e-03 8.236746788024902344e+00
8.563331514596939087e-02 3.861837625503540039e+00
1.730779856443405151e-01 3.708404064178466797e+00
1.437011957168579102e-01 3.733614444732666016e+00
2.137967385351657867e-03 4.922388553619384766e+00
-1.246796688064932823e-03 6.677309036254882812e+00
1.730941534042358398e-01 3.680938720703125000e+00
9.254451841115951538e-02 3.823697328567504883e+00
6.279153749346733093e-04 5.517761707305908203e+00
-9.768921881914138794e-04 6.322457313537597656e+00
-1.445995760150253773e-03 7.040383338928222656e+00
5.806275457143783569e-02 3.930418014526367188e+00
-1.770886359736323357e-03 7.420145511627197266e+00
7.606221735477447510e-02 3.886683225631713867e+00
-8.601202716818079352e-05 5.695105552673339844e+00
6.228953599929809570e-02 3.904836177825927734e+00
1.012311428785324097e-01 3.795683860778808594e+00
6.599991582334041595e-03 4.145583152770996094e+00
-1.592663116753101349e-03 7.256189823150634766e+00
-1.166476518847048283e-03 6.531678199768066406e+00
1.520973891019821167e-01 3.713670253753662109e+00
1.536331255920231342e-03 5.100923538208007812e+00
4.944580420851707458e-02 3.960198163986206055e+00
7.265222375281155109e-04 5.400947570800781250e+00
-1.553533016704022884e-03 7.164401054382324219e+00
1.987029612064361572e-02 4.053708076477050781e+00
1.083851093426346779e-03 5.220341682434082031e+00
-1.087555661797523499e-03 6.421026229858398438e+00
1.984612829983234406e-02 4.062069892883300781e+00
1.102307252585887909e-02 4.099415302276611328e+00
7.645630091428756714e-02 3.885627269744873047e+00
