-9.120367467403411865e-03 9.796308517456054688e+00
2.967383265495300293e-01 3.698169231414794922e+00
2.455915361642837524e-01 3.709533214569091797e+00
2.967367172241210938e-01 3.699512481689453125e+00
1.572937667369842529e-01 3.794183254241943359e+00
2.428281158208847046e-01 3.718775749206542969e+00
2.093277722597122192e-01 3.730278968811035156e+00
1.788178980350494385e-01 3.764554262161254883e+00
1.128686708398163319e-03 5.504021644592285156e+00
2.080594450235366821e-01 3.735585689544677734e+00
-8.982987143099308014e-03 9.382672309875488281e+00
-6.794750224798917770e-03 7.688479423522949219e+00
-7.993157021701335907e-03 8.522959709167480469e+00
1.335103362798690796e-01 3.830420255661010742e+00
1.361788511276245117e-01 3.809418439865112305e+00
-5.326121579855680466e-03 7.100089073181152344e+00
2.128622960299253464e-03 5.312976360321044922e+00
-6.911805365234613419e-03 7.903303146362304688e+00
1.770583540201187134e-01 3.766340017318725586e+00
1.124134510755538940e-01 3.850404739379882812e+00
-1.329027698375284672e-03 5.883571624755859375e+00
-7.433215156197547913e-03 8.138807296752929688e+00
-9.063279256224632263e-03 9.769951820373535156e+00
3.137649036943912506e-03 5.080615520477294922e+00
-7.567029446363449097e-03 8.312251091003417969e+00
-5.049709230661392212e-03 6.931506156921386719e+00
3.358364105224609375e-02 4.074543476104736328e+00
8.127583563327789307e-02 3.901000738143920898e+00
1.621909253299236298e-02 4.086555480957031250e+00
9.516786038875579834e-02 3.882375240325927734e+00
-1.796721364371478558e-03 6.069324016571044922e+00
6.110536307096481323e-02 3.946762323379516602e+00
4.629691690206527710e-02 3.985421895980834961e+00
-8.437943644821643829e-03 8.810681343078613281e+00
7.312268018722534180e-02 3.936110973358154297e+00
-4.022689536213874817e-03 6.581413745880126953e+00
-6.258504465222358704e-03 7.372872352600097656e+00
3.401803597807884216e-02 4.034657478332519531e+00
-8.952497504651546478e-03 9.156398773193359375e+00
9.379128925502300262e-03 4.509436607360839844e+00
1.113754734396934509e-01 3.853341341018676758e+00
-8.838251233100891113e-03 9.065460205078125000e+00
4.741657990962266922e-03 4.960584163665771484e+00
5.622206721454858780e-03 4.785317420959472656e+00
9.759384393692016602e-02 3.870064735412597656e+00
4.594798013567924500e-02 3.987205982208251953e+00
-6.257749162614345551e-03 7.372463226318359375e+00
-4.490689840167760849e-03 6.734676837921142578e+00
1.182684581726789474e-02 4.286402225494384766e+00
-2.492530504241585732e-03 6.364369869232177734e+00
