3.044865722656250000e+02 2.671208679676055908e-01
1.065500068664550781e+01 2.140643463134765625e+02
1.792961883544921875e+02 4.426253509521484375e+01
5.661852645874023438e+01 4.444013595581054688e+01
4.359011459350585938e+01 7.458184814453125000e+01
1.844670295715332031e+01 1.299056396484375000e+02
1.255296707153320312e+01 2.068488769531250000e+02
1.260075283050537109e+01 1.525904235839843750e+02
1.363548278808593750e+01 1.339683685302734375e+02
1.289949131011962891e+01 1.506882324218750000e+02
2.933740234375000000e+02 4.564476013183593750e+00
4.386733627319335938e+01 6.183957290649414062e+01
2.834009399414062500e+02 6.684934139251708984e+00
4.381722259521484375e+01 6.945907592773437500e+01
3.000561523437500000e+02 1.867187857627868652e+00
2.718652648925781250e+02 1.111035346984863281e+01
4.642511367797851562e+01 5.513105773925781250e+01
1.917611999511718750e+02 4.099000930786132812e+01
2.255263519287109375e+02 3.185152435302734375e+01
2.173309326171875000e+02 3.274600982666015625e+01
1.168961620330810547e+01 2.103064575195312500e+02
2.677671203613281250e+02 1.333336067199707031e+01
1.956363830566406250e+02 3.919987106323242188e+01
4.961988830566406250e+01 4.690333938598632812e+01
2.594813232421875000e+02 1.782786560058593750e+01
1.868887481689453125e+02 4.223263549804687500e+01
4.872159957885742188e+01 5.287398910522460938e+01
2.428827209472656250e+02 2.384048843383789062e+01
1.990950775146484375e+02 3.807670593261718750e+01
5.611675643920898438e+01 4.450454711914062500e+01
1.837205352783203125e+02 4.298035812377929688e+01
2.564909973144531250e+02 1.908454513549804688e+01
2.043714752197265625e+02 3.515519714355468750e+01
2.624578857421875000e+02 1.546305942535400391e+01
2.116102447509765625e+02 3.386992263793945312e+01
2.302207336425781250e+02 2.977341461181640625e+01
2.207750244140625000e+02 3.193034934997558594e+01
2.018076171875000000e+02 3.603268814086914062e+01
4.932347106933593750e+01 4.759715270996093750e+01
2.397038269042968750e+02 2.585458755493164062e+01
2.094301452636718750e+02 3.419983291625976562e+01
2.801655883789062500e+02 8.152897834777832031e+00
2.775413208007812500e+02 9.211998939514160156e+00
1.709722709655761719e+01 1.327658386230468750e+02
2.648484802246093750e+02 1.451710414886474609e+01
2.349824981689453125e+02 2.815787887573242188e+01
2.518253631591796875e+02 1.973678588867187500e+01
2.513921356201171875e+02 2.127419662475585938e+01
2.312896270751953125e+02 2.897517204284667969e+01
3.044570312500000000e+02 9.299391508102416992e-01
