-2.012176439166069031e-03 1.092835330963134766e+01
3.431194126605987549e-01 5.872035503387451172e+00
2.737343013286590576e-01 5.878964900970458984e+00
5.688251554965972900e-02 7.084954738616943359e+00
1.683864891529083252e-01 6.031943798065185547e+00
9.799531847238540649e-02 6.413440704345703125e+00
-1.205800566822290421e-03 1.055822086334228516e+01
3.711604699492454529e-02 7.672378063201904297e+00
6.352626532316207886e-02 6.870397567749023438e+00
2.197332121431827545e-02 8.331032752990722656e+00
3.029728680849075317e-02 7.881823062896728516e+00
8.687269687652587891e-02 6.548728942871093750e+00
1.513307988643646240e-01 6.087988853454589844e+00
4.569865018129348755e-02 7.313544750213623047e+00
4.773427266627550125e-03 9.621600151062011719e+00
1.783112436532974243e-01 5.997986316680908203e+00
-1.231501461006700993e-03 1.082080173492431641e+01
1.098175793886184692e-01 6.294192790985107422e+00
1.220813915133476257e-01 6.220963001251220703e+00
-2.747424296103417873e-04 1.036809539794921875e+01
1.349141448736190796e-01 6.142226219177246094e+00
1.986857205629348755e-01 5.972939491271972656e+00
1.494685281068086624e-02 8.740442276000976562e+00
1.959824189543724060e-02 8.492049217224121094e+00
1.466887295246124268e-01 6.118587017059326172e+00
4.582580877467989922e-04 1.024599742889404297e+01
1.038446798920631409e-01 6.325968265533447266e+00
7.663363218307495117e-02 6.642550468444824219e+00
2.365749925374984741e-01 5.904380798339843750e+00
4.361392557621002197e-02 7.406169891357421875e+00
8.653053082525730133e-03 9.158539772033691406e+00
2.561977207660675049e-01 5.886507987976074219e+00
2.840875834226608276e-02 7.952875137329101562e+00
1.387966517359018326e-02 8.943636894226074219e+00
8.200368843972682953e-03 9.242016792297363281e+00
2.719265222549438477e-01 5.885034084320068359e+00
7.146570086479187012e-02 6.721590518951416016e+00
2.414478808641433716e-01 5.903405189514160156e+00
6.963840220123529434e-03 9.406534194946289062e+00
2.629302255809307098e-02 8.157257080078125000e+00
8.315560966730117798e-02 6.600694179534912109e+00
1.094553060829639435e-02 9.002927780151367188e+00
2.537327110767364502e-01 5.895194530487060547e+00
1.926984824240207672e-02 8.590469360351562500e+00
9.851374197751283646e-04 1.009221935272216797e+01
2.695272676646709442e-02 8.109305381774902344e+00
2.225961983203887939e-01 5.918535709381103516e+00
4.321105033159255981e-02 7.567583084106445312e+00
1.844202913343906403e-02 8.704982757568359375e+00
1.915808469057083130e-01 5.985071182250976562e+00
