-5.929567813873291016e-01 -1.589652776718139648e+00
-1.629301667213439941e+00 -3.550261855125427246e-01
-1.610226988792419434e+00 -4.231064915657043457e-01
-1.609490633010864258e+00 -1.059376358985900879e+00
-1.312468290328979492e+00 -1.207243800163269043e+00
-1.019093871116638184e+00 -1.212682247161865234e+00
-9.563403725624084473e-01 -1.286666154861450195e+00
-1.579050183296203613e+00 -1.138229012489318848e+00
-9.237049818038940430e-01 -1.318104624748229980e+00
-1.369137167930603027e+00 -1.206954479217529297e+00
-1.545755267143249512e+00 -1.167408347129821777e+00
-9.707947373390197754e-01 -1.269702196121215820e+00
-7.104983925819396973e-01 -1.550536632537841797e+00
-1.441236495971679688e+00 -1.202172994613647461e+00
-1.519424676895141602e+00 -1.184015274047851562e+00
-1.476469874382019043e+00 -1.194862842559814453e+00
-7.306554317474365234e-01 -1.531814575195312500e+00
-6.571283936500549316e-01 -1.569977998733520508e+00
-1.617927312850952148e+00 -4.035768508911132812e-01
-1.624303936958312988e+00 -3.795386850833892822e-01
-9.864273071289062500e-01 -1.251293301582336426e+00
-6.936100721359252930e-01 -1.561263084411621094e+00
-8.589072823524475098e-01 -1.400169730186462402e+00
-1.404142022132873535e+00 -1.204513072967529297e+00
-1.592249631881713867e+00 -1.111647248268127441e+00
-6.213350296020507812e-01 -1.581909656524658203e+00
-9.064901471138000488e-01 -1.338719964027404785e+00
-7.836192846298217773e-01 -1.490174055099487305e+00
-9.991765618324279785e-01 -1.231475234031677246e+00
-1.473969101905822754e+00 -1.196477174758911133e+00
-8.261330127716064453e-01 -1.444350361824035645e+00
-1.601038694381713867e+00 -1.094099879264831543e+00
-8.104136586189270020e-01 -1.455796957015991211e+00
-8.754225969314575195e-01 -1.383985400199890137e+00
-1.422517061233520508e+00 -1.203726291656494141e+00
-1.606271147727966309e+00 -1.079987049102783203e+00
-1.378556489944458008e+00 -1.206357002258300781e+00
-7.466548085212707520e-01 -1.526127934455871582e+00
-1.585416793823242188e+00 -1.130125999450683594e+00
-8.301416039466857910e-01 -1.430781841278076172e+00
-6.012179851531982422e-01 -1.585762262344360352e+00
-8.474305272102355957e-01 -1.412055253982543945e+00
-8.910127282142639160e-01 -1.362197279930114746e+00
-9.187936782836914062e-01 -1.326027154922485352e+00
-7.646541595458984375e-01 -1.510212779045104980e+00
-8.946557641029357910e-01 -1.349679231643676758e+00
-8.372432589530944824e-01 -1.415722250938415527e+00
-7.688983082771301270e-01 -1.508141994476318359e+00
-8.709874153137207031e-01 -1.384893774986267090e+00
-7.916047573089599609e-01 -1.482967734336853027e+00
