1.699568480253219604e-01 3.889439582824707031e+00
5.749209318310022354e-03 1.143877506256103516e+01
1.658913791179656982e-01 3.995561361312866211e+00
1.336290836334228516e-01 4.025166511535644531e+00
3.845373913645744324e-02 7.764452934265136719e+00
1.053137108683586121e-01 4.720467090606689453e+00
9.224272519350051880e-02 5.086302757263183594e+00
1.295756734907627106e-02 1.017180252075195312e+01
3.561135008931159973e-02 8.137380599975585938e+00
1.449569035321474075e-02 9.836167335510253906e+00
1.786679029464721680e-02 9.401192665100097656e+00
1.112855896353721619e-01 4.429963588714599609e+00
8.988171815872192383e-02 5.207432270050048828e+00
1.184550449252128601e-01 4.363710880279541016e+00
7.661020010709762573e-02 5.680011749267578125e+00
1.215346828103065491e-01 4.100136280059814453e+00
8.174580335617065430e-02 5.577890872955322266e+00
1.321030855178833008e-01 4.077777385711669922e+00
8.646774291992187500e-02 5.388463973999023438e+00
9.834606200456619263e-02 4.894259452819824219e+00
5.076711624860763550e-02 7.022805213928222656e+00
1.145478151738643646e-02 1.038187599182128906e+01
2.051126956939697266e-02 9.182193756103515625e+00
9.112361818552017212e-03 1.094216346740722656e+01
6.034155935049057007e-02 6.578629493713378906e+00
4.226682335138320923e-02 7.510542869567871094e+00
9.202195331454277039e-03 1.071709918975830078e+01
1.024976447224617004e-01 4.760602474212646484e+00
7.243080437183380127e-02 5.865909576416015625e+00
1.093749981373548508e-02 1.057693386077880859e+01
4.856200888752937317e-02 7.171013355255126953e+00
4.105040803551673889e-02 7.619887828826904297e+00
5.630436539649963379e-02 6.730741024017333984e+00
6.421292573213577271e-02 6.453528881072998047e+00
2.431818097829818726e-02 8.807980537414550781e+00
1.113825142383575439e-01 4.423260688781738281e+00
7.429422438144683838e-02 5.779336452484130859e+00
3.145624697208404541e-02 8.344585418701171875e+00
6.631278991699218750e-02 6.250924110412597656e+00
6.917005032300949097e-02 6.197453498840332031e+00
2.932309173047542572e-02 8.374442100524902344e+00
6.846085190773010254e-03 1.109328269958496094e+01
1.656225137412548065e-02 9.620840072631835938e+00
4.510736837983131409e-02 7.340065002441406250e+00
2.577501907944679260e-02 8.606962203979492188e+00
5.841162055730819702e-02 6.670445442199707031e+00
9.869468957185745239e-02 4.860715389251708984e+00
2.782388031482696533e-02 8.548023223876953125e+00
1.614702865481376648e-02 9.680377960205078125e+00
6.477291136980056763e-02 6.368587970733642578e+00
