2.365729510784149170e-01 3.635968923568725586e+00
-3.995572682470083237e-03 8.937833786010742188e+00
2.166057080030441284e-01 3.647983074188232422e+00
7.682702690362930298e-02 3.861744403839111328e+00
5.236114561557769775e-02 3.940598487854003906e+00
1.574500054121017456e-01 3.714223861694335938e+00
6.646552355960011482e-04 5.604001045227050781e+00
1.460959911346435547e-01 3.714491128921508789e+00
1.026371717453002930e-01 3.811148881912231445e+00
-3.079228335991501808e-03 7.953257560729980469e+00
3.978617861866950989e-02 4.010520935058593750e+00
1.898757964372634888e-01 3.674041271209716797e+00
3.585702739655971527e-03 4.909112453460693359e+00
-3.078028559684753418e-03 7.640695095062255859e+00
-2.103913866449147463e-04 5.906171321868896484e+00
1.762364506721496582e-01 3.680104017257690430e+00
2.349210679531097412e-01 3.638141155242919922e+00
6.962512433528900146e-02 3.937281847000122070e+00
-3.865186125040054321e-03 8.676856040954589844e+00
-1.985170412808656693e-03 6.758135318756103516e+00
-2.156193833798170090e-03 6.987421512603759766e+00
-3.549040993675589561e-03 8.172842979431152344e+00
1.988555192947387695e-01 3.655692100524902344e+00
3.185033053159713745e-02 4.015414237976074219e+00
1.292497813701629639e-01 3.740042209625244141e+00
-4.292476805858314037e-04 6.049972534179687500e+00
2.265451243147253990e-03 5.273701190948486328e+00
2.453156979754567146e-03 5.088442802429199219e+00
1.086308509111404419e-01 3.781794548034667969e+00
-2.564960159361362457e-03 7.172860145568847656e+00
-1.678264816291630268e-03 6.565381050109863281e+00
-3.635563421994447708e-03 8.465606689453125000e+00
1.288277003914117813e-02 4.108330726623535156e+00
-2.952871844172477722e-03 7.476014614105224609e+00
-2.741969656199216843e-03 7.331641197204589844e+00
1.768637895584106445e-01 3.678068161010742188e+00
-1.006001024506986141e-03 6.286000251770019531e+00
4.991288762539625168e-03 4.656957626342773438e+00
-3.559944685548543930e-03 8.357582092285156250e+00
7.331166882067918777e-03 4.331441402435302734e+00
2.343596145510673523e-02 4.059086799621582031e+00
1.177865937352180481e-01 3.759304523468017578e+00
-3.889773739501833916e-03 8.904065132141113281e+00
1.289197206497192383e-01 3.741344213485717773e+00
6.445473991334438324e-03 4.551418304443359375e+00
6.692712660878896713e-03 4.433103084564208984e+00
-1.392118632793426514e-03 6.434832572937011719e+00
9.154993109405040741e-03 4.195379734039306641e+00
6.986439228057861328e-02 3.881552219390869141e+00
2.343795076012611389e-02 4.058956146240234375e+00
