-4.855045378208160400e-01 -1.712098836898803711e+00
-1.769847035408020020e+00 -1.107964962720870972e-01
-1.539919376373291016e+00 -6.312159895896911621e-01
-1.550577998161315918e+00 -3.810535371303558350e-01
-1.733155250549316406e+00 -1.615535914897918701e-01
-8.758958578109741211e-01 -1.335219979286193848e+00
-1.357670068740844727e+00 -9.046795964241027832e-01
-1.179548978805541992e+00 -1.107541918754577637e+00
-1.441265821456909180e+00 -8.632400035858154297e-01
-1.655851364135742188e+00 -2.540510594844818115e-01
-1.044264793395996094e+00 -1.236764430999755859e+00
-1.409507989883422852e+00 -8.874126672744750977e-01
-1.247497439384460449e+00 -1.013255476951599121e+00
-1.093626141548156738e+00 -1.203911185264587402e+00
-6.826345324516296387e-01 -1.501659870147705078e+00
-5.561674237251281738e-01 -1.635337710380554199e+00
-6.279535293579101562e-01 -1.588856697082519531e+00
-9.549648761749267578e-01 -1.307632565498352051e+00
-1.620417833328247070e+00 -2.931046485900878906e-01
-1.689223289489746094e+00 -2.220814228057861328e-01
-7.354942560195922852e-01 -1.433664679527282715e+00
-1.133174896240234375e+00 -1.157364249229431152e+00
-8.214015960693359375e-01 -1.352683067321777344e+00
-1.509959816932678223e+00 -7.569878697395324707e-01
-1.473476290702819824e+00 -8.110750913619995117e-01
-1.534855127334594727e+00 -6.797709465026855469e-01
-1.135899543762207031e+00 -1.141309618949890137e+00
-7.223466634750366211e-01 -1.450420141220092773e+00
-1.565929293632507324e+00 -3.570458590984344482e-01
-1.292474627494812012e+00 -9.900975823402404785e-01
-1.002004623413085938e+00 -1.283602952957153320e+00
-7.662405371665954590e-01 -1.380279660224914551e+00
-1.763993740081787109e+00 -1.249511018395423889e-01
-1.071974754333496094e+00 -1.221143484115600586e+00
-1.591341495513916016e+00 -3.277603387832641602e-01
-7.654128074645996094e-01 -1.381006598472595215e+00
-1.222937345504760742e+00 -1.056131958961486816e+00
-1.324548482894897461e+00 -9.410212635993957520e-01
-1.483146429061889648e+00 -8.050127029418945312e-01
-4.888267517089843750e-01 -1.710674524307250977e+00
-1.205043673515319824e+00 -1.071021437644958496e+00
-6.443473696708679199e-01 -1.536315560340881348e+00
-5.251022577285766602e-01 -1.672313332557678223e+00
-9.578549265861511230e-01 -1.306221008300781250e+00
-1.285623192787170410e+00 -9.938675165176391602e-01
-1.507230043411254883e+00 -7.623510360717773438e-01
-1.001150012016296387e+00 -1.284278512001037598e+00
-1.325693130493164062e+00 -9.402519464492797852e-01
-5.965914130210876465e-01 -1.623462915420532227e+00
-5.251109004020690918e-01 -1.672312855720520020e+00
