-1.077257376164197922e-02 9.167698860168457031e+00
3.105222582817077637e-01 3.695083618164062500e+00
2.239327281713485718e-01 3.748286247253417969e+00
1.726320385932922363e-01 3.786052942276000977e+00
1.316455602645874023e-01 3.819939851760864258e+00
2.826839126646518707e-02 4.078720092773437500e+00
2.897655963897705078e-01 3.696281909942626953e+00
2.458055317401885986e-01 3.745309114456176758e+00
1.373036764562129974e-02 4.423635482788085938e+00
1.958626955747604370e-01 3.770329713821411133e+00
-1.039582490921020508e-02 8.820858001708984375e+00
3.854869306087493896e-02 4.051993370056152344e+00
-8.506402373313903809e-03 7.742734432220458984e+00
-4.122579935938119888e-03 6.408165931701660156e+00
-1.031131949275732040e-02 8.617618560791015625e+00
2.667298316955566406e-01 3.711272478103637695e+00
-5.150738637894392014e-03 6.602679252624511719e+00
4.897955339401960373e-03 4.945305824279785156e+00
-8.160631172358989716e-03 7.579481124877929688e+00
-5.850819405168294907e-03 6.780777454376220703e+00
2.750866988208144903e-04 5.504619121551513672e+00
1.222589164972305298e-01 3.846363306045532227e+00
2.667114734649658203e-01 3.721039772033691406e+00
-9.737743996083736420e-03 8.313862800598144531e+00
9.299208223819732666e-02 3.891382694244384766e+00
6.440639495849609375e-02 3.955158233642578125e+00
5.875441711395978928e-03 4.808831691741943359e+00
1.057352051138877869e-01 3.866921186447143555e+00
-9.521991945803165436e-03 8.037719726562500000e+00
-9.997671470046043396e-03 8.398333549499511719e+00
-9.437824599444866180e-03 8.003326416015625000e+00
-2.480106893926858902e-03 5.941350936889648438e+00
9.192556142807006836e-03 4.505001544952392578e+00
7.031792402267456055e-02 3.946159124374389648e+00
8.137872815132141113e-02 3.941325187683105469e+00
-7.691054139286279678e-03 7.357285022735595703e+00
5.305133759975433350e-02 4.022720813751220703e+00
1.836549490690231323e-01 3.773880243301391602e+00
2.535511041060090065e-03 5.365570068359375000e+00
-2.669164678081870079e-03 6.200545787811279297e+00
3.735381178557872772e-03 5.174139022827148438e+00
5.325196310877799988e-02 4.009301662445068359e+00
8.563903719186782837e-02 3.912397146224975586e+00
-2.297868253663182259e-03 5.900327682495117188e+00
1.054806187748908997e-01 3.887503385543823242e+00
-9.354020585305988789e-04 5.701045036315917969e+00
-2.757892245426774025e-03 6.210197448730468750e+00
-6.615275051444768906e-03 7.181057929992675781e+00
-1.323390868492424488e-03 5.718397140502929688e+00
8.641013875603675842e-03 4.675679206848144531e+00
