1.953199803829193115e-01 3.752645969390869141e+00
-1.038659829646348953e-02 8.884004592895507812e+00
1.454472243785858154e-01 3.800232887268066406e+00
4.731462150812149048e-02 4.019962787628173828e+00
1.135002449154853821e-01 3.847849130630493164e+00
1.999851502478122711e-02 4.086314201354980469e+00
7.418052852153778076e-02 3.953134059906005859e+00
9.553010016679763794e-02 3.909993171691894531e+00
8.630465716123580933e-02 3.910085439682006836e+00
-9.438072331249713898e-03 8.096369743347167969e+00
1.119779348373413086e-01 3.909853696823120117e+00
-8.646134287118911743e-03 7.781632900238037109e+00
-9.739593602716922760e-03 8.496444702148437500e+00
-2.301639877259731293e-03 5.840321540832519531e+00
-7.246976252645254135e-03 7.230484962463378906e+00
1.488268747925758362e-02 4.205883979797363281e+00
7.635695487260818481e-02 3.929851531982421875e+00
-4.786823876202106476e-03 6.522513866424560547e+00
-9.326644241809844971e-03 8.061800956726074219e+00
-5.488929804414510727e-03 6.707433223724365234e+00
7.288560736924409866e-03 4.556729316711425781e+00
3.405903000384569168e-03 4.969027519226074219e+00
-3.118802793323993683e-03 6.039411067962646484e+00
6.180959753692150116e-03 4.665240287780761719e+00
-3.554405644536018372e-03 6.213577270507812500e+00
1.105874124914407730e-02 4.279880523681640625e+00
-9.285362903028726578e-04 5.601650238037109375e+00
-1.025400310754776001e-02 8.657701492309570312e+00
-7.532947231084108353e-03 7.431507110595703125e+00
9.494015015661716461e-03 4.430640220642089844e+00
1.779685355722904205e-02 4.100754737854003906e+00
1.667448901571333408e-03 5.263603210449218750e+00
-4.476707428693771362e-03 6.387502193450927734e+00
-5.646186182275414467e-04 5.507260799407958984e+00
-8.316325955092906952e-03 7.654549121856689453e+00
-2.589730545878410339e-03 5.934432506561279297e+00
4.506072029471397400e-03 4.835194587707519531e+00
-6.997702177613973618e-03 7.087926387786865234e+00
-4.002818372100591660e-03 6.315188407897949219e+00
1.027369499206542969e-02 4.371651172637939453e+00
-6.762007717043161392e-03 7.038957595825195312e+00
-8.155648596584796906e-03 7.569810867309570312e+00
1.984581118449568748e-03 5.159990787506103516e+00
2.251761470688506961e-04 5.399160861968994141e+00
4.668326000683009624e-04 5.355210304260253906e+00
6.016327999532222748e-03 4.827777862548828125e+00
-1.005966588854789734e-02 8.621198654174804688e+00
2.827967517077922821e-03 5.110006332397460938e+00
-7.949719205498695374e-03 7.480214118957519531e+00
-6.397917866706848145e-03 6.917915821075439453e+00
