-9.837736375629901886e-03 9.628096580505371094e+00
1.908244639635086060e-01 3.764468908309936523e+00
1.093524247407913208e-01 3.866428852081298828e+00
1.621108651161193848e-01 3.810788154602050781e+00
1.312050968408584595e-01 3.854717254638671875e+00
5.695595871657133102e-03 4.635972499847412109e+00
1.396913081407546997e-01 3.816627264022827148e+00
5.704355239868164062e-02 3.987087488174438477e+00
-9.642700664699077606e-03 9.215707778930664062e+00
3.002851968631148338e-03 5.121404170989990234e+00
-7.963293232023715973e-03 7.836454391479492188e+00
-8.590176701545715332e-03 8.351610183715820312e+00
1.632012575864791870e-01 3.809947490692138672e+00
6.508343666791915894e-02 3.950354337692260742e+00
8.487255871295928955e-02 3.928457260131835938e+00
1.799037605524063110e-01 3.791606187820434570e+00
2.804893068969249725e-02 4.052996635437011719e+00
4.463530704379081726e-02 4.035623073577880859e+00
1.745161600410938263e-02 4.097105026245117188e+00
8.948315866291522980e-03 4.353546619415283203e+00
-9.209693409502506256e-03 8.615571022033691406e+00
4.582741484045982361e-02 4.019474983215332031e+00
-4.932643845677375793e-03 6.691794395446777344e+00
-3.583376994356513023e-03 6.360559940338134766e+00
1.025932133197784424e-01 3.876592636108398438e+00
9.074153006076812744e-02 3.909230232238769531e+00
-4.402406979352235794e-03 6.547339916229248047e+00
-2.045275468844920397e-04 5.485321044921875000e+00
-1.629501697607338428e-03 5.859830856323242188e+00
-6.969091482460498810e-03 7.405794620513916016e+00
2.614117041230201721e-02 4.061196804046630859e+00
7.374462485313415527e-02 3.938771724700927734e+00
9.906818158924579620e-04 5.311564445495605469e+00
-7.400125265121459961e-03 7.564913272857666016e+00
-5.947023630142211914e-03 6.986887454986572266e+00
-5.724109709262847900e-03 6.908997058868408203e+00
1.815252304077148438e-01 3.784258365631103516e+00
-9.345322847366333008e-03 8.767967224121093750e+00
-2.871978795155882835e-03 6.043363571166992188e+00
1.301483716815710068e-02 4.215323925018310547e+00
-8.599981665611267090e-03 8.358814239501953125e+00
-1.193946576677262783e-03 5.716799259185791016e+00
-7.543074432760477066e-03 7.723952770233154297e+00
8.200366050004959106e-03 4.556031227111816406e+00
7.369923591613769531e-02 3.945312261581420898e+00
-6.112211383879184723e-03 7.231066703796386719e+00
-9.450272656977176666e-03 9.014353752136230469e+00
2.834350103512406349e-03 5.134082794189453125e+00
1.376607082784175873e-02 4.195228576660156250e+00
1.346272230148315430e-01 3.835901498794555664e+00
