2.409120025634765625e+02 1.241436958312988281e+01
-3.716302633285522461e+00 1.707755432128906250e+02
1.757181701660156250e+02 1.310939311981201172e+01
7.692035675048828125e+01 3.816287994384765625e+01
7.667547607421875000e+01 7.723516082763671875e+01
1.354868011474609375e+02 1.352713394165039062e+01
1.709021606445312500e+02 1.337655353546142578e+01
8.993554687500000000e+01 2.286744117736816406e+01
5.343920135498046875e+01 8.450045776367187500e+01
1.614430999755859375e+01 1.314398498535156250e+02
2.739635658264160156e+01 1.161214981079101562e+02
2.936367607116699219e+01 1.109474258422851562e+02
1.420645523071289062e+01 1.356876525878906250e+02
1.937337040901184082e+00 1.536181030273437500e+02
8.680498504638671875e+01 2.833320426940917969e+01
8.502385711669921875e+01 3.036418151855468750e+01
9.489878845214843750e+01 2.106734085083007812e+01
3.361395645141601562e+01 1.008275146484375000e+02
4.097938919067382812e+01 9.307817840576171875e+01
1.185366973876953125e+02 1.483423233032226562e+01
4.351606369018554688e+01 8.983316040039062500e+01
-2.461576938629150391e+00 1.641758117675781250e+02
3.987442493438720703e+00 1.503083496093750000e+02
6.600361633300781250e+01 7.998101806640625000e+01
5.476644039154052734e+00 1.469256591796875000e+02
8.080793380737304688e+00 1.442356567382812500e+02
6.082720565795898438e+01 8.352157592773437500e+01
1.062229919433593750e+02 1.746388816833496094e+01
1.201360893249511719e+01 1.395686645507812500e+02
1.257838668823242188e+02 1.479489994049072266e+01
2.997139930725097656e+01 1.068919525146484375e+02
3.669649124145507812e+01 9.783448791503906250e+01
1.303325653076171875e+02 1.431332397460937500e+01
3.799414443969726562e+01 9.585437011718750000e+01
1.017739868164062500e+01 1.412700653076171875e+02
7.966848754882812500e+01 3.380475997924804688e+01
4.908008575439453125e+01 8.751091003417968750e+01
2.356233978271484375e+01 1.204378509521484375e+02
1.139160079956054688e+02 1.664613723754882812e+01
6.237317276000976562e+01 8.190835571289062500e+01
2.489422607421875000e+01 1.192348556518554688e+02
-2.225148916244506836e+00 1.623793945312500000e+02
-3.582209944725036621e-01 1.581766204833984375e+02
9.903467559814453125e+01 1.872983741760253906e+01
7.930641174316406250e+01 3.382064437866210938e+01
7.269792938232421875e+01 7.985986328125000000e+01
4.877891921997070312e+01 8.860564422607421875e+01
1.008088302612304688e+02 1.853217697143554688e+01
1.906305313110351562e+01 1.276010055541992188e+02
1.107595977783203125e+02 1.670239257812500000e+01
