2.487598657608032227e-01 3.666772365570068359e+00
-7.428898941725492477e-03 8.766603469848632812e+00
2.486727535724639893e-01 3.674561262130737305e+00
2.076167017221450806e-01 3.681492328643798828e+00
1.955810934305191040e-01 3.703052997589111328e+00
6.466682255268096924e-02 4.009524345397949219e+00
1.049916446208953857e-01 3.846055269241333008e+00
2.294290438294410706e-02 4.176001548767089844e+00
1.299919839948415756e-02 4.280229091644287109e+00
4.252925515174865723e-02 4.050105571746826172e+00
-5.947588477283716202e-03 7.702528953552246094e+00
1.731959283351898193e-01 3.722273349761962891e+00
7.477278262376785278e-02 3.934943675994873047e+00
1.244299635291099548e-01 3.826994419097900391e+00
-6.899722851812839508e-03 8.079902648925781250e+00
4.601104301400482655e-04 5.689027309417724609e+00
-5.653379950672388077e-03 7.407606124877929688e+00
1.420363038778305054e-01 3.767851352691650391e+00
1.713867299258708954e-03 5.317922115325927734e+00
-2.935324155259877443e-04 5.909195899963378906e+00
1.619236767292022705e-01 3.757602930068969727e+00
1.264447271823883057e-01 3.799488067626953125e+00
9.192658215761184692e-02 3.894344091415405273e+00
1.475851517170667648e-03 5.520311355590820312e+00
-3.183705965057015419e-03 6.446958541870117188e+00
2.904694061726331711e-03 5.134650707244873047e+00
-4.187832120805978775e-03 6.890632629394531250e+00
5.315748509019613266e-03 4.932501792907714844e+00
1.416042596101760864e-01 3.768189191818237305e+00
-1.390279619954526424e-03 6.064352035522460938e+00
7.174030877649784088e-03 4.654043674468994141e+00
-7.357198745012283325e-03 8.584620475769042969e+00
-6.979119032621383667e-03 8.316989898681640625e+00
4.200396686792373657e-02 4.054436206817626953e+00
3.304260224103927612e-02 4.164689064025878906e+00
1.004372313618659973e-01 3.871767282485961914e+00
8.904804475605487823e-03 4.463070392608642578e+00
-7.223689928650856018e-03 8.377574920654296875e+00
-2.608598442748188972e-03 6.283142566680908203e+00
1.115962956100702286e-02 4.446610450744628906e+00
4.316469654440879822e-03 4.976707935333251953e+00
2.075436413288116455e-01 3.692605733871459961e+00
-1.856614369899034500e-03 6.206916332244873047e+00
1.621380001306533813e-01 3.738571882247924805e+00
1.731566041707992554e-01 3.737661361694335938e+00
-3.953291103243827820e-03 6.682852268218994141e+00
-3.850703127682209015e-03 6.654072284698486328e+00
-4.847841802984476089e-03 7.055797576904296875e+00
7.263681851327419281e-03 4.646243095397949219e+00
7.063379883766174316e-02 3.948892831802368164e+00
