-4.723214507102966309e-01 -1.684443831443786621e+00
-1.768612861633300781e+00 -1.007758304476737976e-01
-1.563357472419738770e+00 -4.063240885734558105e-01
-6.458655595779418945e-01 -1.517666101455688477e+00
-6.710885167121887207e-01 -1.434056282043457031e+00
-1.149784684181213379e+00 -1.148049950599670410e+00
-1.707307338714599609e+00 -2.076540887355804443e-01
-5.386678576469421387e-01 -1.624013185501098633e+00
-1.391291975975036621e+00 -9.117704033851623535e-01
-1.285235404968261719e+00 -9.834027886390686035e-01
-1.506155014038085938e+00 -7.766541242599487305e-01
-1.481274366378784180e+00 -8.190123438835144043e-01
-8.449997901916503906e-01 -1.342635273933410645e+00
-7.338599562644958496e-01 -1.405560374259948730e+00
-1.263619422912597656e+00 -1.015252947807312012e+00
-7.921783924102783203e-01 -1.377882242202758789e+00
-1.429896712303161621e+00 -8.665455579757690430e-01
-1.119230151176452637e+00 -1.169189691543579102e+00
-1.560366988182067871e+00 -5.202314853668212891e-01
-1.064420223236083984e+00 -1.224000096321105957e+00
-4.905636608600616455e-01 -1.655962347984313965e+00
-1.078385591506958008e+00 -1.188990592956542969e+00
-1.553117394447326660e+00 -6.242452859878540039e-01
-1.029839754104614258e+00 -1.255309581756591797e+00
-1.637806534767150879e+00 -2.929537594318389893e-01
-1.754137158393859863e+00 -1.524923741817474365e-01
-1.734863042831420898e+00 -1.720633506774902344e-01
-1.590840101242065430e+00 -3.531553149223327637e-01
-5.801064372062683105e-01 -1.583488106727600098e+00
-1.535425543785095215e+00 -7.140564918518066406e-01
-7.017692923545837402e-01 -1.429258108139038086e+00
-9.221058487892150879e-01 -1.315636396408081055e+00
-1.548517584800720215e+00 -6.495039463043212891e-01
-1.557350158691406250e+00 -5.407384037971496582e-01
-1.228080153465270996e+00 -1.051509499549865723e+00
-7.774052619934082031e-01 -1.388387322425842285e+00
-1.189111948013305664e+00 -1.099908709526062012e+00
-1.188848495483398438e+00 -1.101257443428039551e+00
-1.629270792007446289e+00 -3.129267096519470215e-01
-1.419706106185913086e+00 -8.720746040344238281e-01
-5.544489026069641113e-01 -1.588809251785278320e+00
-1.328225612640380859e+00 -9.508830904960632324e-01
-8.693560957908630371e-01 -1.337512135505676270e+00
-1.671712636947631836e+00 -2.501939237117767334e-01
-1.598381280899047852e+00 -3.380474150180816650e-01
-9.045853018760681152e-01 -1.327818989753723145e+00
-1.672681689262390137e+00 -2.480160146951675415e-01
-1.007139205932617188e+00 -1.270711064338684082e+00
-1.536116123199462891e+00 -7.079803347587585449e-01
-9.682018160820007324e-01 -1.300466418266296387e+00
