-3.919676877558231354e-03 8.664366722106933594e+00
2.057527750730514526e-01 3.650559902191162109e+00
1.955174505710601807e-01 3.666890621185302734e+00
1.251347959041595459e-01 3.724457740783691406e+00
1.553784161806106567e-01 3.707518577575683594e+00
8.188835531473159790e-02 3.808614253997802734e+00
1.140388548374176025e-01 3.801135301589965820e+00
1.551160365343093872e-01 3.714768886566162109e+00
-1.594959408976137638e-03 6.531094074249267578e+00
6.045524030923843384e-02 3.931677341461181641e+00
4.662486165761947632e-02 3.934120893478393555e+00
1.436179736629128456e-03 5.275692462921142578e+00
3.085236763581633568e-03 4.980941295623779297e+00
-3.101950045675039291e-03 7.550288200378417969e+00
4.477009933907538652e-04 5.670538425445556641e+00
-3.223244333639740944e-03 7.819585800170898438e+00
-2.778546186164021492e-03 7.259404182434082031e+00
2.465586923062801361e-02 4.021261215209960938e+00
8.032867312431335449e-02 3.886248588562011719e+00
-6.337519153021275997e-04 6.114797592163085938e+00
1.298561785370111465e-02 4.056646823883056641e+00
6.735819578170776367e-02 3.898216247558593750e+00
-3.829787252470850945e-03 8.502606391906738281e+00
-1.892318134196102619e-03 6.848499298095703125e+00
1.140626370906829834e-01 3.777567386627197266e+00
-3.746063681319355965e-03 8.321364402770996094e+00
-3.650995669886469841e-03 8.194414138793945312e+00
4.019576590508222580e-03 4.738360881805419922e+00
-2.918975893408060074e-03 7.404198169708251953e+00
7.641725824214518070e-04 5.453933715820312500e+00
-3.470098366960883141e-03 8.018719673156738281e+00
3.816636977717280388e-03 4.906384468078613281e+00
4.651454277336597443e-03 4.609229564666748047e+00
-1.290204119868576527e-03 6.356489181518554688e+00
1.987422853708267212e-01 3.664703130722045898e+00
6.121036130934953690e-03 4.396752834320068359e+00
6.218640599399805069e-03 4.385785102844238281e+00
8.646567352116107941e-03 4.206720829010009766e+00
3.361395746469497681e-02 3.997071981430053711e+00
3.604571521282196045e-02 3.988816261291503906e+00
2.652542293071746826e-02 4.008368968963623047e+00
-2.332289936020970345e-03 7.044208049774169922e+00
-3.361776703968644142e-03 7.922917842864990234e+00
6.719163805246353149e-02 3.926915407180786133e+00
-2.154551912099123001e-03 6.851643085479736328e+00
-2.325936453416943550e-03 7.036456108093261719e+00
8.769130334258079529e-03 4.137148857116699219e+00
-8.621411689091473818e-05 5.845921993255615234e+00
4.300755634903907776e-02 3.979941606521606445e+00
-1.382264541462063789e-03 6.358818531036376953e+00
