-5.925005078315734863e-01 -1.585926890373229980e+00
-1.629361033439636230e+00 -8.547530174255371094e-01
-1.362830042839050293e+00 -1.206584215164184570e+00
-1.069537401199340820e+00 -1.208493471145629883e+00
-1.626438856124877930e+00 -9.685229063034057617e-01
-1.464116215705871582e+00 -1.199089527130126953e+00
-6.690303087234497070e-01 -1.556593656539916992e+00
-6.190409660339355469e-01 -1.579480171203613281e+00
-7.561529278755187988e-01 -1.468406558036804199e+00
-6.886802315711975098e-01 -1.523876070976257324e+00
-9.694355726242065430e-01 -1.279425740242004395e+00
-1.412785172462463379e+00 -1.205286264419555664e+00
-7.297919988632202148e-01 -1.485407352447509766e+00
-9.366371035575866699e-01 -1.305363655090332031e+00
-1.493433952331542969e+00 -1.192300200462341309e+00
-1.512287497520446777e+00 -1.182222604751586914e+00
-9.405833482742309570e-01 -1.294732213020324707e+00
-9.073624014854431152e-01 -1.325035691261291504e+00
-1.615674734115600586e+00 -1.056844711303710938e+00
-8.713123202323913574e-01 -1.367317676544189453e+00
-1.625539422035217285e+00 -9.960331320762634277e-01
-1.545926809310913086e+00 -1.145541191101074219e+00
-8.830556273460388184e-01 -1.353692770004272461e+00
-9.825717210769653320e-01 -1.268666625022888184e+00
-1.620896100997924805e+00 -1.010219454765319824e+00
-1.600494384765625000e+00 -1.101084470748901367e+00
-6.525303125381469727e-01 -1.566460728645324707e+00
-7.253029346466064453e-01 -1.500401735305786133e+00
-1.575846076011657715e+00 -1.135615348815917969e+00
-8.886771202087402344e-01 -1.334959387779235840e+00
-1.609436869621276855e+00 -1.084504842758178711e+00
-1.397101521492004395e+00 -1.206044554710388184e+00
-7.639580965042114258e-01 -1.450870990753173828e+00
-8.578711748123168945e-01 -1.381593704223632812e+00
-1.617694020271301270e+00 -1.033593058586120605e+00
-1.536563277244567871e+00 -1.171622276306152344e+00
-9.984526038169860840e-01 -1.256137490272521973e+00
-1.015126228332519531e+00 -1.242557764053344727e+00
-1.557348608970642090e+00 -1.140708327293395996e+00
-1.029904246330261230e+00 -1.234369158744812012e+00
-1.588271141052246094e+00 -1.116631865501403809e+00
-1.046166896820068359e+00 -1.217877030372619629e+00
-8.323447704315185547e-01 -1.399852156639099121e+00
-8.105749487876892090e-01 -1.406050562858581543e+00
-8.048519492149353027e-01 -1.429768323898315430e+00
-1.583060026168823242e+00 -1.119288325309753418e+00
-1.536036252975463867e+00 -1.172679066658020020e+00
-8.510185480117797852e-01 -1.388302564620971680e+00
-7.902657985687255859e-01 -1.439422488212585449e+00
-1.048092365264892578e+00 -1.216857552528381348e+00
