7.060214280403423359e+00 -4.431945641849382334e+00
7.289803447098966771e+00 -5.075580463865041025e+00
7.520952272899958047e+00 -5.769635491372524960e+00
7.752922081749139771e+00 -6.486400214270875431e+00
7.985434445277135751e+00 -7.205630257516565607e+00
8.218381335089940620e+00 -7.912323721534292531e+00
8.451734250614887145e+00 -8.595420861981626359e+00
8.685510981486865845e+00 -9.246934814371565281e+00
8.919762806904445895e+00 -9.861319849671136950e+00
9.154569972814163847e+00 -1.043498610201284649e+01
9.390040545129954452e+00 -1.096591194430708605e+01
9.626309934115496958e+00 -1.145332509510066288e+01
9.863538805441178781e+00 -1.189743406508189416e+01
1.010190679927467450e+01 -1.229919794160023727e+01
1.034159906698468312e+01 -1.266012727169795937e+01
1.058278282278438631e+01 -1.298211323022761299e+01
1.082557288808438756e+01 -1.326728667712831111e+01
1.106998947461053717e+01 -1.351791218036981768e+01
1.131591788393898668e+01 -1.373632230863041670e+01
1.156308548551633919e+01 -1.392489203999527270e+01
1.181107107596066896e+01 -1.408604238302060629e+01
1.205935190236401588e+01 -1.422225189749078034e+01
1.230737751031198712e+01 -1.433605306609522145e+01
1.255464721667597239e+01 -1.443000081038125337e+01
1.280076800746557808e+01 -1.450661666596020538e+01
1.304548102999242332e+01 -1.456832361637146178e+01
1.328865873084000349e+01 -1.461738784789024415e+01
1.353028308755915532e+01 -1.465587742135027582e+01
1.377041650707356801e+01 -1.468564012921347484e+01
1.400917368376498473e+01 -1.470829766305968178e+01
1.424669853441016443e+01 -1.472525135885305225e+01
1.448314720842865810e+01 -1.473769508466377687e+01
1.471867650538265337e+01 -1.474663197126091418e+01
1.495343645460267012e+01 -1.475289284826543934e+01
1.518756583160314477e+01 -1.475715512527426831e+01
1.542118964058124497e+01 -1.475996141905819670e+01
1.565441788247010102e+01 -1.476173754861074450e+01
1.588734516980770550e+01 -1.476280968484689282e+01
1.612005092238167592e+01 -1.476342051634045127e+01
1.635259998837796047e+01 -1.476374431869369985e+01
1.658504360034309144e+01 -1.476390081783790542e+01
1.681742060912630166e+01 -1.476396773109560456e+01
1.704975895402228403e+01 -1.476399186270321451e+01
1.728207733136137492e+01 -1.476399862822506570e+01
1.751438702074451825e+01 -1.476399988908702987e+01
1.774669381810992874e+01 -1.476399999850918299e+01
1.797899999840205609e+01 -1.476400000000000112e+01
