1.797899999999999920e+01 -1.451500000000000057e+01
1.774669387755102079e+01 -1.389957034529464686e+01
1.751438775510203882e+01 -1.336113382938088279e+01
1.728208163265306041e+01 -1.286206496603404581e+01
1.704977551020408200e+01 -1.239416553266495846e+01
1.681746938775510003e+01 -1.195286990254631121e+01
1.658516326530612162e+01 -1.153447209100117199e+01
1.635285714285714320e+01 -1.113515487215247823e+01
1.612055102040816124e+01 -1.075061010648331994e+01
1.588824489795918282e+01 -1.037601768895504151e+01
1.565593877551020441e+01 -1.000629155044360630e+01
1.542363265306122422e+01 -9.636507115543206936e+00
1.519132653061224403e+01 -9.262411969511989085e+00
1.495902040816326561e+01 -8.880918573134508165e+00
1.472671428571428542e+01 -8.490490290065176637e+00
1.449440816326530523e+01 -8.091357179481029505e+00
1.426210204081632682e+01 -7.685530319135104982e+00
1.402979591836734663e+01 -7.276616683822215492e+00
1.379748979591836644e+01 -6.869465510176034684e+00
1.356518367346938803e+01 -6.469697935089312679e+00
1.333287755102040784e+01 -6.083182658408379240e+00
1.310057142857142765e+01 -5.715521358513186101e+00
1.286826530612244923e+01 -5.371599912263107512e+00
1.263595918367346904e+01 -5.055247440251770641e+00
1.240365306122448885e+01 -4.769027600789360832e+00
1.217134693877551044e+01 -4.514168208954545847e+00
1.193904081632653202e+01 -4.290618636203035408e+00
1.170673469387755006e+01 -4.097211422314373408e+00
1.147442857142857164e+01 -3.931896228068492150e+00
1.124212244897959145e+01 -3.792011022436714285e+00
1.100981632653061304e+01 -3.674556879117799824e+00
1.077751020408163285e+01 -3.576448048248524358e+00
1.054520408163265444e+01 -3.494716808141918207e+00
1.031289795918367247e+01 -3.426661584653620807e+00
1.008059183673469406e+01 -3.369935609053838377e+00
9.848285714285715642e+00 -3.322580856575573449e+00
9.615979591836735452e+00 -3.283017403751728125e+00
9.383673469387755262e+00 -3.250001306674860757e+00
9.151367346938775071e+00 -3.222564679817823574e+00
8.919061224489796658e+00 -3.199950232224519908e+00
8.686755102040816467e+00 -3.181549717052600812e+00
8.454448979591838054e+00 -3.166852300204357817e+00
8.222142857142857864e+00 -3.155405454895717554e+00
7.989836734693877673e+00 -3.146788197778453977e+00
7.757530612244899260e+00 -3.140594629986205533e+00
7.525224489795919069e+00 -3.136424908449479076e+00
7.292918367346938879e+00 -3.133880790268362304e+00
7.060612244897960466e+00 -3.132563438524520905e+00
6.828306122448980275e+00 -3.132071821422629299e+00
6.596000000000000085e+00 -3.131999999999999673e+00
