8.906098726307986047e-01
1.771435078369834604e-01
6.870588886406274742e-01
1.148638437607141238e+00
1.035219637563127987e-01
1.051714638319602546e+00
9.756203040813448135e-01
6.103031103573649530e-01
1.322422631995391340e+00
2.984328308239894700e-01
1.505023320000296483e+00
1.280250348496949631e+00
1.565695935012584306e+00
1.023087033220905662e+00
7.566074427918444423e-01
9.507565491158253002e-01
1.616293386592637216e+00
9.328983513666024852e-01
8.762788688135885184e-01
4.939380237104591398e-01
3.800419924683434703e-01
5.506677124208912977e-01
1.307432007844343547e+00
