-1.384299557628928312e+02
-1.796075348878723617e+02
-3.099185311797531650e+00
-8.717424042311731114e+01
-1.342915974915913182e+02
-1.763591272369456249e+02
-8.093377798936865020e+01
-1.457573428568022678e+02
-2.214868040262983939e+01
-2.494727532452524770e+02
-5.243669326137793263e+01
-2.092661941294061734e+01
-1.431202882668544305e+02
-5.897868673971097309e+01
-1.696346547037056212e+02
-1.856619195269280169e+02
-3.994000462336378288e+00
-1.045260040965340238e+02
-1.095849059929132920e+02
-2.089546929309368295e+02
-2.332909429673069610e+02
-1.922912081319816764e+02
-1.051329258751392359e+02
-4.723600062935910415e+01
