-6.421935520394999042e-01
-9.275440166154064192e-01
-5.844089861313632728e-01
-7.315382611823644243e-01
-4.061920721353663444e-01
-4.763484619697677114e-01
-2.428403169171642062e-01
-3.950652047575065745e-02
-3.622874477574378749e-01
-7.853729923616076247e-01
-9.771672538503832495e-02
-2.035003993016226143e-01
-9.223011592805800962e-01
-2.541361154411018314e-02
-2.630760598876713194e-02
-2.641486832617496658e-02
-3.188913795733726297e-02
-2.717273914112963793e-03
-4.193050265396128067e-03
-3.428228606500041773e-03
-8.445924969403880572e-03
