2.163371086120605469e+01 3.071390724182128906e+01
4.648494338989257812e+01 5.525135040283203125e+01
2.502033424377441406e+01 3.686049270629882812e+01
3.413189315795898438e+01 4.739485931396484375e+01
3.126907920837402344e+01 4.588391494750976562e+01
3.351856613159179688e+01 4.742301559448242188e+01
2.042404747009277344e+01 3.220532608032226562e+01
2.564139175415039062e+01 3.724059677124023438e+01
2.870606422424316406e+01 3.926935958862304688e+01
2.772994422912597656e+01 3.701984786987304688e+01
2.805419921875000000e+01 3.699615478515625000e+01
2.459343147277832031e+01 3.625450515747070312e+01
2.772082328796386719e+01 3.865379333496093750e+01
3.724407577514648438e+01 5.072639083862304688e+01
2.478264045715332031e+01 3.485050582885742188e+01
1.984913253784179688e+01 2.640876197814941406e+01
4.156518173217773438e+01 5.468453598022460938e+01
3.109371376037597656e+01 4.361152648925781250e+01
3.625876617431640625e+01 4.914875793457031250e+01
4.335237884521484375e+01 5.623241043090820312e+01
2.833362579345703125e+01 3.953684234619140625e+01
5.020239257812500000e+01 6.058965682983398438e+01
1.672631263732910156e+01 2.661646652221679688e+01
3.193748474121093750e+01 4.504404067993164062e+01
1.619005775451660156e+01 2.556068992614746094e+01
4.809090805053710938e+01 5.772254562377929688e+01
3.306142425537109375e+01 4.702031326293945312e+01
4.666501998901367188e+01 5.734246826171875000e+01
2.274291419982910156e+01 3.020030021667480469e+01
3.076809883117675781e+01 4.267547988891601562e+01
2.671077346801757812e+01 3.758759689331054688e+01
3.523863601684570312e+01 4.717054367065429688e+01
3.497587203979492188e+01 4.727359390258789062e+01
3.198093986511230469e+01 4.448623275756835938e+01
2.987145423889160156e+01 4.268965530395507812e+01
4.608338546752929688e+01 5.827070999145507812e+01
2.956079864501953125e+01 4.496347427368164062e+01
4.934638595581054688e+01 5.729559326171875000e+01
3.075724220275878906e+01 4.340041351318359375e+01
2.599110984802246094e+01 3.791794967651367188e+01
1.629802322387695312e+01 2.600886344909667969e+01
3.537216186523437500e+01 4.870603942871093750e+01
4.933660507202148438e+01 5.743763732910156250e+01
2.801869773864746094e+01 4.049974441528320312e+01
1.432311534881591797e+01 2.240717887878417969e+01
1.562456226348876953e+01 2.360943412780761719e+01
4.414179992675781250e+01 5.591107559204101562e+01
4.637231063842773438e+01 5.541143417358398438e+01
3.579777526855468750e+01 4.763373947143554688e+01
2.663146972656250000e+01 3.689232254028320312e+01
