1.225374732166528702e-02 6.997036337852478027e-01
4.584913700819015503e-02 9.916433691978454590e-02
4.268300533294677734e-02 1.071762889623641968e-01
3.935428336262702942e-02 1.426785737276077271e-01
3.495965525507926941e-02 1.657405942678451538e-01
1.899001561105251312e-02 2.480987459421157837e-01
4.528946802020072937e-02 1.040562242269515991e-01
4.356714710593223572e-02 1.215801388025283813e-01
1.638701185584068298e-02 3.212496340274810791e-01
4.101714864373207092e-02 1.172445118427276611e-01
1.100775040686130524e-02 7.031171917915344238e-01
1.908368244767189026e-02 2.259795367717742920e-01
9.737648069858551025e-03 6.653041243553161621e-01
9.264809079468250275e-03 6.101045608520507812e-01
1.204981934279203415e-02 6.414533853530883789e-01
4.449660703539848328e-02 1.043296158313751221e-01
9.489900432527065277e-03 5.833714604377746582e-01
9.266476146876811981e-03 5.810294151306152344e-01
9.169018827378749847e-03 6.869514584541320801e-01
9.005676023662090302e-03 6.195551156997680664e-01
5.976383108645677567e-03 6.790667772293090820e-01
3.345557302236557007e-02 1.557156145572662354e-01
4.443204402923583984e-02 1.055091395974159241e-01
1.112227793782949448e-02 6.583311557769775391e-01
2.893102541565895081e-02 1.838026195764541626e-01
2.365512214601039886e-02 1.994148045778274536e-01
9.348439052700996399e-03 5.927897691726684570e-01
3.107790090143680573e-02 1.758989691734313965e-01
1.063422393053770065e-02 6.398434638977050781e-01
1.066260319203138351e-02 6.425276398658752441e-01
1.049919426441192627e-02 6.411012411117553711e-01
7.163309957832098007e-03 6.125626564025878906e-01
1.267803087830543518e-02 4.579567611217498779e-01
2.477454952895641327e-02 1.966973692178726196e-01
2.667150273919105530e-02 1.961945891380310059e-01
9.304988197982311249e-03 6.674807071685791016e-01
2.133730985224246979e-02 2.029362916946411133e-01
4.012356698513031006e-02 1.400748342275619507e-01
6.518754176795482635e-03 6.894780397415161133e-01
9.272390045225620270e-03 6.306673288345336914e-01
6.243403535336256027e-03 7.058330178260803223e-01
2.140038087964057922e-02 2.061956375837326050e-01
2.749204076826572418e-02 1.792812794446945190e-01
7.346523925662040710e-03 6.058213114738464355e-01
3.103422187268733978e-02 1.715950369834899902e-01
6.445040460675954819e-03 6.721046566963195801e-01
9.258392266929149628e-03 6.290069222450256348e-01
8.396617136895656586e-03 6.790587902069091797e-01
6.517373025417327881e-03 6.511788964271545410e-01
1.352181285619735718e-02 4.259029030799865723e-01
