9.293037652969360352e-02 2.476264238357543945e-01
6.885746866464614868e-02 8.841437846422195435e-02
1.463064104318618774e-01 1.817744970321655273e-01
1.618311703205108643e-01 2.677521705627441406e-01
1.526797413825988770e-01 1.820481717586517334e-01
1.902514547109603882e-01 2.251103222370147705e-01
1.983181089162826538e-01 2.348871678113937378e-01
2.424792945384979248e-01 2.822731435298919678e-01
1.342285722494125366e-01 1.608327627182006836e-01
1.646005809307098389e-01 1.934376060962677002e-01
2.456920146942138672e-01 2.832435071468353271e-01
1.188754215836524963e-01 1.380954086780548096e-01
1.910607069730758667e-01 2.274679094552993774e-01
1.713089793920516968e-01 1.929990351200103760e-01
1.336187422275543213e-01 1.662511825561523438e-01
1.004223972558975220e-01 1.228038892149925232e-01
2.181719094514846802e-01 2.469801306724548340e-01
9.166629612445831299e-02 1.110023483633995056e-01
2.347230315208435059e-01 2.634294629096984863e-01
1.386981755495071411e-01 1.682919263839721680e-01
1.157403513789176941e-01 1.383119076490402222e-01
6.662755459547042847e-02 7.491889595985412598e-02
4.327774047851562500e-02 5.069800466299057007e-02
1.069518551230430603e-01 2.483811080455780029e-01
7.989729940891265869e-02 9.349536150693893433e-02
8.955710381269454956e-02 1.073718369007110596e-01
1.938602924346923828e-01 2.311946749687194824e-01
1.778613179922103882e-01 2.014134973287582397e-01
1.929130405187606812e-01 2.213967293500900269e-01
9.330311417579650879e-02 1.110893413424491882e-01
1.480756551027297974e-01 2.661802172660827637e-01
9.507128596305847168e-02 1.126146093010902405e-01
2.285175025463104248e-01 2.524989545345306396e-01
1.216524615883827209e-01 1.410940140485763550e-01
2.092573940753936768e-01 2.347426712512969971e-01
2.394631356000900269e-01 2.679865360260009766e-01
1.093195304274559021e-01 1.301407814025878906e-01
2.008321136236190796e-01 2.213814705610275269e-01
8.097207546234130859e-02 9.438992291688919067e-02
8.130561560392379761e-02 9.469619393348693848e-02
1.894363313913345337e-01 2.264409661293029785e-01
1.536749750375747681e-01 1.757813394069671631e-01
1.324386447668075562e-01 2.590202391147613525e-01
1.605548858642578125e-01 2.671289443969726562e-01
1.176402866840362549e-01 1.460899263620376587e-01
2.423977553844451904e-01 2.713907361030578613e-01
1.959412544965744019e-01 2.261461168527603149e-01
1.497940272092819214e-01 1.797319948673248291e-01
1.459277272224426270e-01 1.762768477201461792e-01
2.102648764848709106e-01 2.317517101764678955e-01
