4.991105198860168457e-02 1.041086092591285706e-01
1.792296580970287323e-02 6.854901909828186035e-01
4.937023296952247620e-02 1.077402159571647644e-01
2.954532764852046967e-02 1.724444329738616943e-01
4.790963605046272278e-02 1.186994239687919617e-01
2.287429012358188629e-02 2.314733862876892090e-01
4.620134457945823669e-02 1.296353191137313843e-01
1.066855434328317642e-02 5.543198585510253906e-01
1.123895961791276932e-02 5.758628249168395996e-01
4.502397403120994568e-02 1.376246511936187744e-01
4.233274236321449280e-02 1.488742232322692871e-01
3.356419876217842102e-02 1.781788170337677002e-01
4.057369381189346313e-02 1.554614901542663574e-01
3.115231357514858246e-02 1.831157356500625610e-01
1.093757152557373047e-02 5.237352252006530762e-01
4.729014262557029724e-02 1.197938248515129089e-01
1.415700186043977737e-02 6.399223208427429199e-01
1.522179692983627319e-02 6.331248879432678223e-01
1.724372245371341705e-02 6.762576699256896973e-01
9.736246429383754730e-03 6.169939637184143066e-01
1.764551550149917603e-02 6.683522462844848633e-01
1.376949530094861984e-02 6.416978836059570312e-01
9.600870311260223389e-03 5.645892024040222168e-01
1.460275147110223770e-02 6.699994206428527832e-01
1.389595028012990952e-02 6.570115685462951660e-01
1.304282806813716888e-02 5.169213414192199707e-01
1.275065261870622635e-02 5.652622580528259277e-01
9.273764677345752716e-03 6.033784151077270508e-01
2.225241065025329590e-02 2.556153535842895508e-01
1.361765712499618530e-02 6.349263191223144531e-01
1.435422431677579880e-02 6.685432195663452148e-01
3.626170009374618530e-02 1.658745855093002319e-01
1.241948641836643219e-02 6.094011068344116211e-01
3.627825528383255005e-02 1.656510233879089355e-01
9.744779206812381744e-03 6.339393258094787598e-01
2.031543478369712830e-02 2.639610767364501953e-01
4.516183584928512573e-02 1.342598199844360352e-01
3.863868117332458496e-02 1.567579060792922974e-01
4.233272746205329895e-02 1.488732844591140747e-01
2.122378349304199219e-02 2.642250657081604004e-01
2.283168211579322815e-02 2.622507214546203613e-01
3.867006301879882812e-02 1.564999371767044067e-01
9.755824692547321320e-03 5.770015120506286621e-01
9.718048386275768280e-03 6.256239414215087891e-01
1.426940690726041794e-02 6.456713080406188965e-01
1.871959865093231201e-02 2.749728858470916748e-01
1.371650956571102142e-02 6.734093427658081055e-01
9.914985857903957367e-03 5.709736943244934082e-01
1.504144351929426193e-02 6.585112810134887695e-01
1.269247196614742279e-02 5.076022744178771973e-01
