5.072642898559570312e+01 5.529714202880859375e+01
1.651289939880371094e+01 5.071057510375976562e+01
3.471791458129882812e+01 6.812004089355468750e+01
2.123705863952636719e+01 3.312580871582031250e+01
2.903707695007324219e+01 5.676133346557617188e+01
2.596117019653320312e+01 4.275668716430664062e+01
1.932426643371582031e+01 5.187088012695312500e+01
4.512192535400390625e+01 4.475350570678710938e+01
4.697953796386718750e+01 4.669875717163085938e+01
5.024269866943359375e+01 5.261040878295898438e+01
2.832765579223632812e+01 4.758371353149414062e+01
5.084363174438476562e+01 5.258758163452148438e+01
2.331325912475585938e+01 5.504246520996093750e+01
3.944744110107421875e+01 3.734964752197265625e+01
2.086274147033691406e+01 2.442832374572753906e+01
2.136798095703125000e+01 5.202464675903320312e+01
4.882790374755859375e+01 5.017877197265625000e+01
1.672234725952148438e+01 5.088183212280273438e+01
2.935145759582519531e+01 4.365619659423828125e+01
4.583256149291992188e+01 4.586494827270507812e+01
2.783419227600097656e+01 2.950943946838378906e+01
4.345214843750000000e+01 4.299331665039062500e+01
2.217517280578613281e+01 5.203876876831054688e+01
5.071233367919921875e+01 5.376602554321289062e+01
2.464455413818359375e+01 5.619996643066406250e+01
2.600614166259765625e+01 2.741522979736328125e+01
3.445426559448242188e+01 3.270627975463867188e+01
4.155014038085937500e+01 4.080912399291992188e+01
3.134212303161621094e+01 3.081687545776367188e+01
2.649855804443359375e+01 5.748183441162109375e+01
5.083655548095703125e+01 5.532913208007812500e+01
1.872707748413085938e+01 2.973583221435546875e+01
5.078041458129882812e+01 5.516363525390625000e+01
3.676044845581054688e+01 3.782713699340820312e+01
2.540172004699707031e+01 5.683575057983398438e+01
3.580545043945312500e+01 3.544456100463867188e+01
3.030986785888671875e+01 4.663355636596679688e+01
4.296472549438476562e+01 4.164551544189453125e+01
3.032381248474121094e+01 4.847681808471679688e+01
4.222830200195312500e+01 4.180284118652343750e+01
1.707384490966796875e+01 2.885532760620117188e+01
3.164575195312500000e+01 5.104032897949218750e+01
2.063755989074707031e+01 2.307000350952148438e+01
2.444005966186523438e+01 5.748043060302734375e+01
5.071968841552734375e+01 5.378644180297851562e+01
3.164275932312011719e+01 5.350831985473632812e+01
1.704825592041015625e+01 2.859534072875976562e+01
3.693812179565429688e+01 3.923669052124023438e+01
1.929265785217285156e+01 2.002464866638183594e+01
2.503752136230468750e+01 2.540852737426757812e+01
