4.284950637817382812e+01 3.826889419555664062e+01
3.182824516296386719e+01 6.216626739501953125e+01
4.516197204589843750e+01 3.949770355224609375e+01
3.061150550842285156e+01 3.537777328491210938e+01
4.557775115966796875e+01 4.002039337158203125e+01
4.382941818237304688e+01 3.757067871093750000e+01
4.376389312744140625e+01 3.843422698974609375e+01
3.997148132324218750e+01 3.749033355712890625e+01
3.666032409667968750e+01 3.305133438110351562e+01
2.919336891174316406e+01 6.952923583984375000e+01
4.127606201171875000e+01 3.192081069946289062e+01
5.047741699218750000e+01 7.255332946777343750e+01
5.263140487670898438e+01 7.323625946044921875e+01
3.805189132690429688e+01 3.593392944335937500e+01
4.186353302001953125e+01 3.604173660278320312e+01
2.861311531066894531e+01 7.980226898193359375e+01
3.211004257202148438e+01 7.471270751953125000e+01
2.714583396911621094e+01 2.376085662841796875e+01
4.333200454711914062e+01 3.578364181518554688e+01
5.168300247192382812e+01 7.042214965820312500e+01
3.815336990356445312e+01 3.363262939453125000e+01
2.846740150451660156e+01 2.476260566711425781e+01
4.259939956665039062e+01 3.827077484130859375e+01
2.931343650817871094e+01 8.098134613037109375e+01
4.287641143798828125e+01 3.878105926513671875e+01
4.976694869995117188e+01 5.077859497070312500e+01
5.481512451171875000e+01 7.330775451660156250e+01
4.310826492309570312e+01 3.601937866210937500e+01
2.225142288208007812e+01 1.970207214355468750e+01
5.094315719604492188e+01 5.165158462524414062e+01
4.150632476806640625e+01 4.186702728271484375e+01
2.888185119628906250e+01 7.276840972900390625e+01
5.178073883056640625e+01 5.359501647949218750e+01
4.438001632690429688e+01 4.021020507812500000e+01
2.783802223205566406e+01 2.839557266235351562e+01
2.859803962707519531e+01 7.439011383056640625e+01
4.343978118896484375e+01 3.492090225219726562e+01
4.053242874145507812e+01 3.507160186767578125e+01
4.576863098144531250e+01 3.880981826782226562e+01
4.052726364135742188e+01 3.452124023437500000e+01
3.977091979980468750e+01 3.485073471069335938e+01
5.547822952270507812e+01 7.175760650634765625e+01
5.636389541625976562e+01 7.161268615722656250e+01
3.063943862915039062e+01 3.540563201904296875e+01
3.404219055175781250e+01 3.527411270141601562e+01
3.012056732177734375e+01 3.327560424804687500e+01
4.199868392944335938e+01 3.623135375976562500e+01
1.522973155975341797e+01 1.803351593017578125e+01
4.483050537109375000e+01 3.477943420410156250e+01
5.133914184570312500e+01 5.258329772949218750e+01
