3.651228919625282288e-02 1.318650841712951660e-01
9.838292375206947327e-03 6.765604615211486816e-01
3.267633169889450073e-02 1.559223830699920654e-01
1.822004653513431549e-02 2.278969585895538330e-01
2.899408712983131409e-02 1.705989241600036621e-01
1.677006669342517853e-02 2.609378695487976074e-01
2.275525964796543121e-02 2.042846083641052246e-01
2.612877823412418365e-02 1.898307949304580688e-01
2.493158541619777679e-02 1.874435693025588989e-01
9.398884139955043793e-03 6.406778693199157715e-01
2.838776446878910065e-02 1.737501025199890137e-01
9.182254783809185028e-03 6.291426420211791992e-01
9.511822834610939026e-03 6.958646774291992188e-01
6.327794864773750305e-03 5.923247933387756348e-01
6.801147479563951492e-03 6.616171002388000488e-01
1.570722460746765137e-02 2.663949131965637207e-01
2.335056848824024200e-02 1.949453502893447876e-01
6.769116502255201340e-03 6.659634709358215332e-01
9.379762224853038788e-03 6.371443271636962891e-01
7.070838473737239838e-03 6.241924166679382324e-01
1.006352622061967850e-02 4.685137867927551270e-01
7.457945030182600021e-03 5.533680915832519531e-01
5.278200376778841019e-03 6.590471267700195312e-01
9.275202639400959015e-03 4.967564940452575684e-01
4.725321661680936813e-03 6.958310604095458984e-01
1.284421142190694809e-02 3.566823005676269531e-01
6.225114222615957260e-03 6.229861974716186523e-01
9.622909128665924072e-03 6.561396718025207520e-01
8.942626416683197021e-03 5.927733182907104492e-01
1.171678770333528519e-02 3.857420086860656738e-01
1.692255027592182159e-02 2.636579275131225586e-01
7.576951291412115097e-03 5.281932950019836426e-01
6.425103638321161270e-03 6.422783136367797852e-01
6.267038173973560333e-03 6.153905987739562988e-01
9.107964113354682922e-03 6.372404694557189941e-01
5.055874120444059372e-03 6.697229743003845215e-01
9.342525154352188110e-03 4.563984870910644531e-01
6.719430908560752869e-03 6.457962393760681152e-01
6.011787801980972290e-03 6.575033068656921387e-01
1.248222216963768005e-02 3.593549728393554688e-01
7.047660648822784424e-03 6.316925883293151855e-01
8.897681720554828644e-03 6.310548186302185059e-01
7.311064284294843674e-03 5.493891835212707520e-01
5.886445753276348114e-03 6.192625761032104492e-01
5.938193295150995255e-03 6.226785778999328613e-01
9.772655554115772247e-03 4.881231188774108887e-01
9.540149942040443420e-03 6.446782946586608887e-01
7.039494812488555908e-03 6.011934280395507812e-01
7.916982285678386688e-03 6.433423161506652832e-01
7.392561063170433044e-03 5.985832810401916504e-01
