3.024631366133689880e-02 1.046326532959938049e-01
6.031903438270092010e-03 6.296604275703430176e-01
3.015414997935295105e-02 1.032509431242942810e-01
2.887823618948459625e-02 1.162162497639656067e-01
2.825273387134075165e-02 1.192709654569625854e-01
1.643711887300014496e-02 2.114503681659698486e-01
2.161273360252380371e-02 1.767710894346237183e-01
1.066063530743122101e-02 2.720723450183868408e-01
1.036575622856616974e-02 2.749037444591522217e-01
1.334410533308982849e-02 2.460654228925704956e-01
4.486294463276863098e-03 5.270310640335083008e-01
2.712957374751567841e-02 1.294365227222442627e-01
1.799082756042480469e-02 2.046458125114440918e-01
2.340365573763847351e-02 1.558695435523986816e-01
5.177604034543037415e-03 5.577768683433532715e-01
3.456134581938385963e-03 3.428994119167327881e-01
4.544458817690610886e-03 4.739576578140258789e-01
2.499833703041076660e-02 1.483563482761383057e-01
3.676121355965733528e-03 3.243873715400695801e-01
2.165979007259011269e-03 4.138608872890472412e-01
2.632144466042518616e-02 1.357463449239730835e-01
2.370308339595794678e-02 1.583606898784637451e-01
2.014081180095672607e-02 1.850444823503494263e-01
3.439771477133035660e-03 3.436231911182403564e-01
3.686055075377225876e-03 4.410545527935028076e-01
4.725258797407150269e-03 2.897165417671203613e-01
3.845005529001355171e-03 5.002500414848327637e-01
6.074876990169286728e-03 2.733276486396789551e-01
2.496559731662273407e-02 1.486904621124267578e-01
3.503353102132678032e-03 4.177652895450592041e-01
6.242999341338872910e-03 2.922830283641815186e-01
5.782733205705881119e-03 6.179522275924682617e-01
5.405048374086618423e-03 5.476579070091247559e-01
1.325197052210569382e-02 2.477011829614639282e-01
1.169874332845211029e-02 2.664968371391296387e-01
2.110708132386207581e-02 1.771451532840728760e-01
7.820948027074337006e-03 2.808608412742614746e-01
5.490252282470464706e-03 5.943161845207214355e-01
3.290855791419744492e-03 4.262632727622985840e-01
7.820785045623779297e-03 2.760078012943267822e-01
4.783957265317440033e-03 3.074697554111480713e-01
2.884819544851779938e-02 1.140470281243324280e-01
3.556475974619388580e-03 4.147862493991851807e-01
2.641396224498748779e-02 1.355871111154556274e-01
2.704894542694091797e-02 1.308949887752532959e-01
3.806726541370153427e-03 4.372532069683074951e-01
3.828027285635471344e-03 4.410680234432220459e-01
3.961461130529642105e-03 4.403235912322998047e-01
6.266958545893430710e-03 2.939359545707702637e-01
1.741737686097621918e-02 2.104978412389755249e-01
