9.269387461245059967e-03 6.383165717124938965e-01
3.558054193854331970e-02 1.192023530602455139e-01
3.092011064291000366e-02 1.547798365354537964e-01
3.462817147374153137e-02 1.237519979476928711e-01
2.704028971493244171e-02 1.623291820287704468e-01
2.276973985135555267e-02 1.940404176712036133e-01
1.857972890138626099e-02 2.159414887428283691e-01
1.040120515972375870e-02 2.394164800643920898e-01
7.069205399602651596e-03 4.971441924571990967e-01
2.209943346679210663e-02 1.855722367763519287e-01
7.408364210277795792e-03 5.455549955368041992e-01
3.535492345690727234e-02 1.210138723254203796e-01
1.523481216281652451e-02 2.427459657192230225e-01
5.959264468401670456e-03 4.144574403762817383e-01
8.336040191352367401e-03 5.562291741371154785e-01
4.548028111457824707e-03 3.672649860382080078e-01
4.924098029732704163e-03 3.960946500301361084e-01
2.952209860086441040e-02 1.620211750268936157e-01
3.472213447093963623e-02 1.177428513765335083e-01
4.386677872389554977e-03 3.510067164897918701e-01
5.877926945686340332e-03 3.998896777629852295e-01
1.721476204693317413e-02 2.193451374769210815e-01
7.707329466938972473e-03 2.696284353733062744e-01
8.588647469878196716e-03 5.836283564567565918e-01
8.846169337630271912e-03 6.251384615898132324e-01
5.298102740198373795e-03 3.295190036296844482e-01
7.803958375006914139e-03 5.493619441986083984e-01
5.959500093013048172e-03 5.194492340087890625e-01
7.748211268335580826e-03 4.398681819438934326e-01
1.495979353785514832e-02 2.394549250602722168e-01
6.768740247935056686e-03 4.440276324748992920e-01
5.128938704729080200e-03 4.335773885250091553e-01
3.615064080804586411e-03 3.895944654941558838e-01
1.378886960446834564e-02 2.534666061401367188e-01
2.916504256427288055e-02 1.601876765489578247e-01
9.042788296937942505e-03 6.306408047676086426e-01
5.574121605604887009e-03 4.176305532455444336e-01
1.453193090856075287e-02 2.584677636623382568e-01
6.291157566010951996e-03 4.664891958236694336e-01
8.720581419765949249e-03 5.867282748222351074e-01
6.648690905421972275e-03 2.810378372669219971e-01
3.586653387174010277e-03 4.303323030471801758e-01
1.740355044603347778e-02 2.183052301406860352e-01
7.635024376213550568e-03 2.618664503097534180e-01
1.468684524297714233e-02 2.547113895416259766e-01
7.814696989953517914e-03 5.463185310363769531e-01
4.568762611597776413e-03 3.559828400611877441e-01
2.814865112304687500e-02 1.644990891218185425e-01
8.554626256227493286e-03 5.819524526596069336e-01
7.867954671382904053e-03 5.466905236244201660e-01
