2.799511700868606567e-02 1.361233294010162354e-01
6.680462975054979324e-03 5.955146551132202148e-01
2.546594478189945221e-02 1.522397249937057495e-01
2.786778844892978668e-02 1.421343535184860229e-01
1.098920777440071106e-02 2.534410357475280762e-01
2.446760423481464386e-02 1.631175726652145386e-01
1.447952818125486374e-02 2.220424711704254150e-01
5.971568636596202850e-03 5.703973174095153809e-01
2.086965367197990417e-02 1.844268888235092163e-01
2.304048463702201843e-02 1.668103486299514771e-01
6.700611207634210587e-03 5.978792905807495117e-01
4.419047851115465164e-03 5.049087405204772949e-01
5.231384187936782837e-03 5.132840871810913086e-01
4.509978462010622025e-03 4.689736366271972656e-01
2.320212684571743011e-02 1.706288456916809082e-01
2.037154696881771088e-02 1.865480244159698486e-01
4.623555112630128860e-03 4.836996495723724365e-01
2.925832523033022881e-03 3.579890727996826172e-01
1.903261989355087280e-02 1.944230049848556519e-01
3.888433100655674934e-03 2.848550975322723389e-01
5.474536679685115814e-03 5.489847064018249512e-01
1.699176058173179626e-02 1.991837620735168457e-01
4.251782782375812531e-03 4.800263643264770508e-01
3.489995840936899185e-03 3.102549612522125244e-01
7.603920064866542816e-03 2.468266189098358154e-01
1.603084243834018707e-02 2.023835033178329468e-01
3.682108828797936440e-03 3.636503219604492188e-01
3.940093796700239182e-03 2.765000760555267334e-01
3.391123376786708832e-03 3.351588249206542969e-01
6.320355925709009171e-03 2.370205521583557129e-01
1.554114464670419693e-02 2.142824679613113403e-01
1.007627416402101517e-02 2.559090256690979004e-01
3.839365672320127487e-03 4.131616652011871338e-01
6.617578677833080292e-03 2.526608109474182129e-01
4.026226233690977097e-03 4.396784603595733643e-01
3.320411546155810356e-03 3.906081914901733398e-01
3.224481362849473953e-03 3.179957270622253418e-01
1.068251673132181168e-02 2.496440112590789795e-01
6.422267295420169830e-03 2.339849025011062622e-01
1.811183243989944458e-02 1.981938034296035767e-01
1.063970196992158890e-02 2.664147019386291504e-01
1.766240224242210388e-02 1.952922791242599487e-01
5.661096889525651932e-03 5.647968053817749023e-01
3.636170178651809692e-03 3.778257966041564941e-01
3.845324739813804626e-03 3.758224248886108398e-01
3.342961892485618591e-03 3.090710937976837158e-01
4.239258356392383575e-03 4.137365818023681641e-01
1.451502274721860886e-02 2.259445488452911377e-01
1.880653947591781616e-02 1.961776763200759888e-01
4.027915652841329575e-03 4.029717147350311279e-01
