8.030828833580017090e-02 5.981166958808898926e-01
3.127865493297576904e-02 1.050025582313537598e+00
8.115835487842559814e-02 5.880323052406311035e-01
8.167471736669540405e-02 5.205183625221252441e-01
3.706444799900054932e-02 1.121861338615417480e+00
8.763191848993301392e-02 1.647880375385284424e-01
3.269634023308753967e-02 1.032161116600036621e+00
3.477475792169570923e-02 1.150877475738525391e+00
3.032451681792736053e-02 1.098043560981750488e+00
7.695592194795608521e-02 3.845557868480682373e-01
9.445165842771530151e-02 3.005377650260925293e-01
7.888586819171905518e-02 3.524520397186279297e-01
7.186917215585708618e-02 5.727160573005676270e-01
7.666307687759399414e-02 2.540380954742431641e-01
4.157061874866485596e-02 9.523832798004150391e-01
7.842657715082168579e-02 3.561496138572692871e-01
9.139139950275421143e-02 4.185171723365783691e-01
8.798007667064666748e-02 2.104789167642593384e-01
3.115174733102321625e-02 9.845678806304931641e-01
2.593194693326950073e-02 8.883715271949768066e-01
3.121209889650344849e-02 1.065903902053833008e+00
7.756955921649932861e-02 2.675186395645141602e-01
3.397329896688461304e-02 1.140452146530151367e+00
7.926463335752487183e-02 2.881734967231750488e-01
3.508474305272102356e-02 1.092309594154357910e+00
6.318942457437515259e-02 9.029647111892700195e-01
6.323196738958358765e-02 6.972885727882385254e-01
5.111294984817504883e-02 8.865610361099243164e-01
4.103136435151100159e-02 9.027692675590515137e-01
4.564351961016654968e-02 6.899843215942382812e-01
9.476951509714126587e-02 3.471578955650329590e-01
5.927099287509918213e-02 7.212190032005310059e-01
7.190813869237899780e-02 4.743874669075012207e-01
7.862343639135360718e-02 1.503058522939682007e-01
4.723564535379409790e-02 9.353052973747253418e-01
3.491809964179992676e-02 8.728218078613281250e-01
7.274781167507171631e-02 4.241476356983184814e-01
7.823410630226135254e-02 1.609470248222351074e-01
8.528701215982437134e-02 4.001667201519012451e-01
6.428689509630203247e-02 6.814620494842529297e-01
4.562318325042724609e-02 8.578153252601623535e-01
7.832399755716323853e-02 3.988870680332183838e-01
6.645546108484268188e-02 5.946899652481079102e-01
7.758371531963348389e-02 3.489017784595489502e-01
3.384084999561309814e-02 1.154633760452270508e+00
4.995437711477279663e-02 7.201106548309326172e-01
3.532305359840393066e-02 8.285520076751708984e-01
3.492749109864234924e-02 8.592718243598937988e-01
3.647825866937637329e-02 9.948031306266784668e-01
5.587172135710716248e-02 6.669998168945312500e-01
