9.251607581973075867e-03 7.074336409568786621e-01
3.341278061270713806e-02 1.409048736095428467e-01
2.609623409807682037e-02 1.773057729005813599e-01
3.137114644050598145e-02 1.447733789682388306e-01
2.856114692986011505e-02 1.636757105588912964e-01
8.056230843067169189e-03 4.814405441284179688e-01
2.948919311165809631e-02 1.616159379482269287e-01
1.821400970220565796e-02 2.058379501104354858e-01
8.958422578871250153e-03 6.855220794677734375e-01
4.569801967591047287e-03 6.879226565361022949e-01
7.602995261549949646e-03 6.144447922706604004e-01
7.673818618059158325e-03 6.362093687057495117e-01
3.145706281065940857e-02 1.547931432723999023e-01
1.962838694453239441e-02 2.063395678997039795e-01
2.263441495597362518e-02 1.930543035268783569e-01
3.262314945459365845e-02 1.459298431873321533e-01
1.448786910623311996e-02 2.481993734836578369e-01
1.627386547625064850e-02 2.249696552753448486e-01
1.449073571711778641e-02 2.637751102447509766e-01
1.026912033557891846e-02 3.915237486362457275e-01
8.295070379972457886e-03 6.554852724075317383e-01
1.645624637603759766e-02 2.167268246412277222e-01
6.767957936972379684e-03 5.775318145751953125e-01
5.303757730871438980e-03 6.708500981330871582e-01
2.521484717726707458e-02 1.813398301601409912e-01
2.352188155055046082e-02 1.883081942796707153e-01
6.770168896764516830e-03 5.891541838645935059e-01
4.820991307497024536e-03 6.226136088371276855e-01
4.622372798621654510e-03 6.700219511985778809e-01
6.694619543850421906e-03 6.231067180633544922e-01
1.433352660387754440e-02 2.507993876934051514e-01
2.093771100044250488e-02 1.925812959671020508e-01
4.284057300537824631e-03 6.694600582122802734e-01
6.688454188406467438e-03 6.388510465621948242e-01
6.310641299933195114e-03 6.346150636672973633e-01
7.042342796921730042e-03 5.836276412010192871e-01
3.281750530004501343e-02 1.352708190679550171e-01
8.344898931682109833e-03 6.674212813377380371e-01
5.404425319284200668e-03 6.345865726470947266e-01
1.222430262714624405e-02 3.030728995800018311e-01
7.682239636778831482e-03 6.361287832260131836e-01
5.131725687533617020e-03 6.369863748550415039e-01
7.026792969554662704e-03 6.149209141731262207e-01
1.052991487085819244e-02 3.669500946998596191e-01
2.092389017343521118e-02 1.925516128540039062e-01
7.249624468386173248e-03 6.250892877578735352e-01
8.493325673043727875e-03 6.756542921066284180e-01
4.516310524195432663e-03 6.860275864601135254e-01
1.274471823126077652e-02 2.881029248237609863e-01
2.901275642216205597e-02 1.601984649896621704e-01
