5.365115590393543243e-03 6.337838172912597656e-01
2.558242902159690857e-02 1.128035038709640503e-01
2.279624342918395996e-02 1.379324197769165039e-01
1.995178125798702240e-02 1.595859974622726440e-01
1.887601055204868317e-02 1.676127165555953979e-01
1.661480776965618134e-02 1.819460242986679077e-01
1.534847263246774673e-02 1.920461505651473999e-01
2.390123717486858368e-02 1.295400112867355347e-01
3.773273900151252747e-03 4.744387269020080566e-01
1.337657775729894638e-02 2.095509171485900879e-01
2.421550080180168152e-02 1.283282339572906494e-01
5.293503403663635254e-03 6.353736519813537598e-01
3.373325802385807037e-03 4.688111543655395508e-01
4.048944916576147079e-03 2.745213806629180908e-01
9.250601753592491150e-03 2.661570012569427490e-01
9.395005181431770325e-03 2.431493699550628662e-01
9.585967287421226501e-03 2.491158097982406616e-01
5.064342636615037918e-03 5.913881659507751465e-01
1.569591579027473927e-03 3.930274844169616699e-01
2.497346326708793640e-02 1.183779761195182800e-01
1.051124557852745056e-02 2.307323813438415527e-01
7.720310240983963013e-03 2.288203537464141846e-01
8.003529161214828491e-03 2.158097773790359497e-01
1.190234161913394928e-02 2.182656228542327881e-01
2.483676001429557800e-02 1.174008324742317200e-01
5.313267931342124939e-03 2.546434998512268066e-01
4.036643076688051224e-03 2.802768647670745850e-01
2.051356248557567596e-03 3.473011255264282227e-01
4.768082406371831894e-03 5.864657759666442871e-01
1.977267488837242126e-02 1.568486988544464111e-01
3.707204945385456085e-03 3.624574542045593262e-01
4.106459673494100571e-03 5.164463520050048828e-01
1.569263823330402374e-02 1.917041838169097900e-01
3.497758647426962852e-03 5.161857008934020996e-01
4.362544976174831390e-03 5.739699006080627441e-01
1.269090641289949417e-02 2.106557339429855347e-01
8.213422261178493500e-03 2.560292482376098633e-01
1.047452911734580994e-02 2.269799262285232544e-01
4.149086773395538330e-03 2.861891388893127441e-01
2.566311974078416824e-03 4.145462810993194580e-01
2.480383962392807007e-03 4.121348559856414795e-01
3.754894481971859932e-03 3.645935952663421631e-01
1.702816109172999859e-03 3.749020397663116455e-01
2.410129178315401077e-03 3.132363557815551758e-01
1.659508608281612396e-02 1.814395189285278320e-01
4.010325763374567032e-03 5.382683873176574707e-01
4.019986838102340698e-03 5.105335712432861328e-01
5.060821305960416794e-03 5.913034677505493164e-01
4.570405464619398117e-03 5.272784233093261719e-01
2.182493917644023895e-03 3.322070538997650146e-01
