3.536447510123252869e-02 7.405906915664672852e-01
5.972300469875335693e-02 1.361254006624221802e-01
4.758000746369361877e-02 1.953714936971664429e-01
5.321375280618667603e-02 1.305536478757858276e-01
5.670374631881713867e-02 1.819239705801010132e-01
4.564786329865455627e-02 1.894654333591461182e-01
5.529613792896270752e-02 1.867271065711975098e-01
2.562939189374446869e-02 5.789632797241210938e-01
4.222615808248519897e-02 2.163773030042648315e-01
1.619259826838970184e-02 5.828304290771484375e-01
3.053355030715465546e-02 4.709771871566772461e-01
3.389375284314155579e-02 7.407070398330688477e-01
3.420344367623329163e-02 7.263044118881225586e-01
1.759578287601470947e-02 5.910060405731201172e-01
2.711547166109085083e-02 6.693066954612731934e-01
3.172019124031066895e-02 6.989393234252929688e-01
1.777365058660507202e-02 6.832791566848754883e-01
3.492114320397377014e-02 3.593052923679351807e-01
2.418119646608829498e-02 5.419930815696716309e-01
1.612698659300804138e-02 6.280820369720458984e-01
4.390314221382141113e-02 2.303980439901351929e-01
1.692857034504413605e-02 6.076530814170837402e-01
2.424120344221591949e-02 6.309612989425659180e-01
2.890173345804214478e-02 6.968460083007812500e-01
3.805009275674819946e-02 3.059791624546051025e-01
2.029618434607982635e-02 6.276413202285766602e-01
1.308702770620584488e-02 6.891158819198608398e-01
1.829511485993862152e-02 6.431129574775695801e-01
3.514385968446731567e-02 7.345039248466491699e-01
1.886564120650291443e-02 6.815223097801208496e-01
4.341290146112442017e-02 2.219688594341278076e-01
3.166478872299194336e-02 7.165449857711791992e-01
1.755455322563648224e-02 6.725248098373413086e-01
2.279688045382499695e-02 5.250290036201477051e-01
1.956043392419815063e-02 6.744526624679565430e-01
4.361435770988464355e-02 2.242070734500885010e-01
3.122352622449398041e-02 7.085332274436950684e-01
4.411605745553970337e-02 2.502610385417938232e-01
3.003730066120624542e-02 7.018680572509765625e-01
4.409061372280120850e-02 2.419539690017700195e-01
3.459115326404571533e-02 7.273250222206115723e-01
1.409452687948942184e-02 6.876667141914367676e-01
2.093307115137577057e-02 5.435388088226318359e-01
1.767046749591827393e-02 6.582047939300537109e-01
3.029897995293140411e-02 7.126471996307373047e-01
2.163497172296047211e-02 6.432869434356689453e-01
4.061334207653999329e-02 2.644080519676208496e-01
1.375281531363725662e-02 7.488515377044677734e-01
1.885625720024108887e-02 6.260358691215515137e-01
3.454939275979995728e-02 7.264887690544128418e-01
