7.616598159074783325e-02 1.276974678039550781e-01
2.896760031580924988e-02 8.995338678359985352e-01
7.860431075096130371e-02 2.680605947971343994e-01
7.354455441236495972e-02 1.892059743404388428e-01
3.963907808065414429e-02 5.578276515007019043e-01
5.425891280174255371e-02 2.513908147811889648e-01
3.746763616800308228e-02 5.262307524681091309e-01
6.345359236001968384e-02 1.192517951130867004e-01
5.258870869874954224e-02 3.183555006980895996e-01
4.268211126327514648e-02 4.219383299350738525e-01
6.742856651544570923e-02 2.666143774986267090e-01
4.443478584289550781e-02 3.216372728347778320e-01
3.360648080706596375e-02 7.875596284866333008e-01
2.717896178364753723e-02 7.922489047050476074e-01
8.406970649957656860e-02 3.097262680530548096e-01
3.562581911683082581e-02 5.446099638938903809e-01
6.018903106451034546e-02 1.805211901664733887e-01
6.928863376379013062e-02 2.733849585056304932e-01
2.868128567934036255e-02 8.850470185279846191e-01
2.222105674445629120e-02 8.368749618530273438e-01
2.722726762294769287e-02 7.211444377899169922e-01
2.793884277343750000e-02 8.744642138481140137e-01
7.530954480171203613e-02 3.317497372627258301e-01
2.928624860942363739e-02 6.248236298561096191e-01
7.591111958026885986e-02 1.282650083303451538e-01
7.252755016088485718e-02 2.924324870109558105e-01
2.764859050512313843e-02 8.440012931823730469e-01
3.877213224768638611e-02 4.923609495162963867e-01
7.388699799776077271e-02 1.183134987950325012e-01
5.524788051843643188e-02 2.562706768512725830e-01
6.052072718739509583e-02 4.826021492481231689e-01
3.262615948915481567e-02 8.536365032196044922e-01
2.360217645764350891e-02 8.213770389556884766e-01
4.824852943420410156e-02 2.949542701244354248e-01
2.645388618111610413e-02 8.939369320869445801e-01
6.046383827924728394e-02 3.574105203151702881e-01
7.199563086032867432e-02 2.936094105243682861e-01
3.548809140920639038e-02 6.851808428764343262e-01
3.082493506371974945e-02 5.725649595260620117e-01
4.556970298290252686e-02 3.833040893077850342e-01
2.896747924387454987e-02 8.995333909988403320e-01
5.192197859287261963e-02 3.613882362842559814e-01
2.528726682066917419e-02 8.440899252891540527e-01
3.514131531119346619e-02 5.967502593994140625e-01
2.682662382721900940e-02 6.164475083351135254e-01
3.103395737707614899e-02 9.166079759597778320e-01
2.940428815782070160e-02 6.905547380447387695e-01
6.149189546704292297e-02 3.564879298210144043e-01
2.337116561830043793e-02 8.113681077957153320e-01
7.924657315015792847e-02 3.298497200012207031e-01
