5.173890851438045502e-03 5.855361223220825195e-01
2.589148655533790588e-02 1.049107760190963745e-01
1.956296153366565704e-02 1.477273255586624146e-01
2.271272987127304077e-02 1.233252361416816711e-01
2.517415024340152740e-02 1.066458970308303833e-01
2.334040217101573944e-02 1.226861923933029175e-01
1.184219121932983398e-02 2.014124095439910889e-01
1.483267266303300858e-02 1.741546690464019775e-01
1.814893260598182678e-02 1.570964455604553223e-01
2.797177527099847794e-03 3.814258873462677002e-01
1.104382332414388657e-02 2.044114172458648682e-01
9.867515414953231812e-03 2.148391753435134888e-01
2.746721962466835976e-03 3.018825054168701172e-01
1.720830239355564117e-02 1.641445904970169067e-01
9.240582585334777832e-03 2.357563674449920654e-01
1.649162918329238892e-02 1.693388372659683228e-01
4.402360878884792328e-03 2.636365890502929688e-01
2.774636261165142059e-03 3.661193549633026123e-01
2.517154905945062637e-03 3.544709980487823486e-01
8.247020654380321503e-03 2.324740737676620483e-01
2.310630166903138161e-03 3.327455818653106689e-01
5.048517137765884399e-03 5.627471804618835449e-01
2.524305135011672974e-02 1.082239001989364624e-01
3.550403285771608353e-03 4.629997014999389648e-01
7.137664593756198883e-03 2.264770567417144775e-01
3.356120781973004341e-03 4.018541276454925537e-01
2.662426093593239784e-03 3.610769510269165039e-01
3.969809506088495255e-03 5.251594781875610352e-01
3.271697089076042175e-03 4.436651766300201416e-01
5.257692653685808182e-03 2.363379448652267456e-01
9.557037614285945892e-03 2.216333001852035522e-01
4.824184812605381012e-03 5.401536226272583008e-01
4.451439250260591507e-03 5.204312205314636230e-01
2.983788959681987762e-03 4.344452023506164551e-01
3.622918855398893356e-03 4.973578155040740967e-01
1.904033240862190723e-03 3.608881235122680664e-01
3.767459653317928314e-03 2.618152201175689697e-01
2.280231006443500519e-02 1.257460415363311768e-01
1.551803667098283768e-02 1.742630451917648315e-01
3.902975469827651978e-03 2.601501345634460449e-01
4.412120208144187927e-03 5.064070224761962891e-01
6.669847294688224792e-03 2.217932790517807007e-01
2.124068094417452812e-03 3.433330357074737549e-01
2.823990304023027420e-03 4.110673069953918457e-01
5.434662569314241409e-03 2.449163347482681274e-01
3.579449374228715897e-03 4.976420104503631592e-01
2.329374663531780243e-02 1.243061721324920654e-01
4.166821017861366272e-03 5.344715118408203125e-01
4.600524436682462692e-03 5.525354743003845215e-01
4.269725177437067032e-03 5.026994347572326660e-01
