2.859922870993614197e-02 6.914122402667999268e-02
5.121496040374040604e-03 5.523570179939270020e-01
2.806786634027957916e-02 7.216680049896240234e-02
1.771440915763378143e-02 1.132521182298660278e-01
1.424432452768087387e-02 1.279446035623550415e-01
2.520492300391197205e-02 7.969254255294799805e-02
2.812100341543555260e-03 2.948361933231353760e-01
2.447984926402568817e-02 8.469974249601364136e-02
2.065329998731613159e-02 1.009370312094688416e-01
4.288034979254007339e-03 4.382168948650360107e-01
1.220210734754800797e-02 1.364961117506027222e-01
2.698592841625213623e-02 7.446809858083724976e-02
3.832662943750619888e-03 2.332995235919952393e-01
3.883361117914319038e-03 4.394379556179046631e-01
1.947530894540250301e-03 3.749487102031707764e-01
2.633280865848064423e-02 7.692438364028930664e-02
2.855193614959716797e-02 6.928090006113052368e-02
1.672472059726715088e-02 1.083331853151321411e-01
4.776127636432647705e-03 5.180407762527465820e-01
3.644553245976567268e-03 4.095009863376617432e-01
3.661003196612000465e-03 3.832197189331054688e-01
4.453316330909729004e-03 5.113937854766845703e-01
2.742631174623966217e-02 7.328488677740097046e-02
1.109129562973976135e-02 1.456264406442642212e-01
2.318599633872509003e-02 8.938752859830856323e-02
2.023553475737571716e-03 3.861450850963592529e-01
2.242236398160457611e-03 3.161672353744506836e-01
2.968709683045744896e-03 2.758933305740356445e-01
2.131406031548976898e-02 9.722720086574554443e-02
3.716276260092854500e-03 4.253406524658203125e-01
3.165542613714933395e-03 4.306715726852416992e-01
4.898664075881242752e-03 5.239170193672180176e-01
9.229042567312717438e-03 1.659422963857650757e-01
4.109984263777732849e-03 4.437211751937866211e-01
3.429968841373920441e-03 4.058752357959747314e-01
2.636888436973094940e-02 7.686600089073181152e-02
3.224915359169244766e-03 4.235556423664093018e-01
5.059208255261182785e-03 1.996515989303588867e-01
4.169660154730081558e-03 4.585157632827758789e-01
7.364165503531694412e-03 1.753223985433578491e-01
9.927766397595405579e-03 1.537776142358779907e-01
2.218969538807868958e-02 9.426140785217285156e-02
5.076305940747261047e-03 5.511161088943481445e-01
2.315528318285942078e-02 8.941278606653213501e-02
6.769108120352029800e-03 1.703439652919769287e-01
7.126554846763610840e-03 1.610496640205383301e-01
3.205008106306195259e-03 4.102808833122253418e-01
8.987429551780223846e-03 1.558494567871093750e-01
1.681258715689182281e-02 1.151776462793350220e-01
9.929141029715538025e-03 1.537833362817764282e-01
