9.055912494659423828e-02 4.240410923957824707e-01
2.694096788763999939e-02 8.959435820579528809e-01
2.512164041399955750e-02 7.821289300918579102e-01
1.696449518203735352e-02 8.264002203941345215e-01
7.460832595825195312e-02 1.310646384954452515e-01
7.241538166999816895e-02 1.671947538852691650e-01
7.707414776086807251e-02 3.804695904254913330e-01
5.227330327033996582e-02 1.665176153182983398e-01
7.293864339590072632e-02 1.471113860607147217e-01
7.470263540744781494e-02 1.423126012086868286e-01
6.280080229043960571e-02 1.020233929157257080e-01
3.401013091206550598e-02 4.520094692707061768e-01
6.782709807157516479e-02 2.193248867988586426e-01
6.701347976922988892e-02 1.718515455722808838e-01
2.337710373103618622e-02 7.355455756187438965e-01
8.456653356552124023e-02 3.319213986396789551e-01
2.469240128993988037e-02 8.802036046981811523e-01
4.873593151569366455e-02 3.056479394435882568e-01
2.926686219871044159e-02 7.043133378028869629e-01
7.186708599328994751e-02 1.939970552921295166e-01
2.879335731267929077e-02 6.444777250289916992e-01
7.942660152912139893e-02 4.021319150924682617e-01
7.066799700260162354e-02 1.916124224662780762e-01
8.798972517251968384e-02 3.842377662658691406e-01
7.351708412170410156e-02 2.603910863399505615e-01
7.776348292827606201e-02 2.322972714900970459e-01
7.596892863512039185e-02 1.960812062025070190e-01
7.205776870250701904e-02 2.629608511924743652e-01
7.332675904035568237e-02 2.143125236034393311e-01
7.509750872850418091e-02 1.847306638956069946e-01
8.028166741132736206e-02 2.949633300304412842e-01
4.554539173841476440e-02 4.861925542354583740e-01
2.460983023047447205e-02 8.121058940887451172e-01
8.194247633218765259e-02 2.836519479751586914e-01
7.833142578601837158e-02 2.231237590312957764e-01
8.612638711929321289e-02 3.591795861721038818e-01
7.420758157968521118e-02 3.854091167449951172e-01
2.331813797354698181e-02 7.904217243194580078e-01
6.103021651506423950e-02 2.260354608297348022e-01
3.135688975453376770e-02 5.459499955177307129e-01
5.874546617269515991e-02 2.143848389387130737e-01
3.699009865522384644e-02 4.508157968521118164e-01
5.977263301610946655e-02 2.398805916309356689e-01
7.380624860525131226e-02 2.749618291854858398e-01
2.377015538513660431e-02 9.282419085502624512e-01
7.954926788806915283e-02 4.001676142215728760e-01
3.539414703845977783e-02 4.404130578041076660e-01
5.683193728327751160e-02 2.534636259078979492e-01
2.854976058006286621e-02 7.083705663681030273e-01
3.937642276287078857e-02 4.107005298137664795e-01
