3.142363578081130981e-02 1.180702090263366699e+00
7.893370091915130615e-02 6.784602999687194824e-01
7.220849394798278809e-02 6.012389063835144043e-01
4.846666008234024048e-02 8.425998687744140625e-01
6.545179337263107300e-02 6.513928771018981934e-01
6.900527328252792358e-02 5.942200422286987305e-01
2.948645502328872681e-02 1.147531032562255859e+00
3.329897299408912659e-02 8.067528605461120605e-01
5.350596457719802856e-02 7.764607071876525879e-01
2.853515744209289551e-02 1.066192507743835449e+00
3.752071037888526917e-02 9.898837208747863770e-01
6.087251007556915283e-02 4.100395739078521729e-01
6.714867800474166870e-02 6.642884016036987305e-01
4.626811295747756958e-02 8.099586963653564453e-01
2.693673409521579742e-02 1.095805883407592773e+00
6.662350147962570190e-02 6.329245567321777344e-01
3.195982798933982849e-02 1.159422397613525391e+00
7.120033353567123413e-02 5.124667882919311523e-01
7.102608680725097656e-02 6.911981105804443359e-01
2.894375659525394440e-02 1.176726460456848145e+00
6.733888387680053711e-02 6.706700921058654785e-01
6.428921967744827271e-02 5.768023133277893066e-01
3.669764101505279541e-02 1.174548029899597168e+00
2.953298948705196381e-02 9.618921279907226562e-01
6.988213956356048584e-02 7.165068984031677246e-01
3.121526911854743958e-02 1.151521444320678711e+00
6.848575174808502197e-02 4.999763965606689453e-01
5.703029409050941467e-02 5.930932164192199707e-01
6.921549141407012939e-02 6.467096805572509766e-01
4.593151062726974487e-02 8.026906847953796387e-01
2.617765218019485474e-02 1.133996963500976562e+00
7.119058072566986084e-02 6.768602132797241211e-01
3.758327662944793701e-02 9.809972643852233887e-01
3.856033459305763245e-02 1.180809736251831055e+00
2.340031042695045471e-02 1.138611435890197754e+00
7.082261890172958374e-02 5.564605593681335449e-01
5.657514184713363647e-02 6.143722534179687500e-01
7.085301727056503296e-02 6.887882947921752930e-01
2.690212428569793701e-02 1.182755947113037109e+00
3.002536483108997345e-02 9.705872535705566406e-01
6.642337143421173096e-02 7.456957697868347168e-01
2.565907686948776245e-02 1.146558046340942383e+00
7.021131366491317749e-02 6.688495278358459473e-01
2.881443314254283905e-02 1.098862886428833008e+00
2.821124717593193054e-02 1.123758316040039062e+00
2.966600283980369568e-02 9.827158451080322266e-01
6.849739700555801392e-02 6.402633190155029297e-01
3.758886083960533142e-02 8.537019491195678711e-01
3.043203055858612061e-02 1.211504340171813965e+00
6.558657437562942505e-02 6.461322307586669922e-01
