2.699569799005985260e-02 6.739445030689239502e-02
3.340757451951503754e-03 4.909150600433349609e-01
2.660080417990684509e-02 6.906408816576004028e-02
2.576537616550922394e-02 7.462950050830841064e-02
2.043488807976245880e-02 9.629792720079421997e-02
2.231368236243724823e-02 8.680362999439239502e-02
3.026213729754090309e-03 4.748916327953338623e-01
3.202605526894330978e-03 3.535645902156829834e-01
2.539366856217384338e-02 7.428001612424850464e-02
5.057425703853368759e-03 1.682358235120773315e-01
2.867159200832247734e-03 4.225368499755859375e-01
2.687722817063331604e-02 6.798128038644790649e-02
2.291995333507657051e-03 3.298141360282897949e-01
1.129901222884654999e-02 1.380803436040878296e-01
6.286974530667066574e-03 1.726046800613403320e-01
9.853404946625232697e-03 1.438948214054107666e-01
2.364915236830711365e-02 8.183586597442626953e-02
7.249582558870315552e-03 1.955676674842834473e-01
2.927837893366813660e-03 3.703864514827728271e-01
3.368737641721963882e-03 4.627724885940551758e-01
1.770380698144435883e-02 1.054741218686103821e-01
2.462158165872097015e-02 7.588326185941696167e-02
2.289037592709064484e-02 8.273134380578994751e-02
3.021068871021270752e-03 2.522420883178710938e-01
2.782364841550588608e-03 4.010933935642242432e-01
2.467864193022251129e-02 7.828710973262786865e-02
1.850203238427639008e-02 1.042041331529617310e-01
2.850956516340374947e-03 2.417087405920028687e-01
3.091255202889442444e-03 3.859198987483978271e-01
2.929835580289363861e-03 3.824666738510131836e-01
1.424371637403964996e-02 1.217496767640113831e-01
2.762285526841878891e-03 3.927123546600341797e-01
1.658234186470508575e-02 1.131644695997238159e-01
3.217128803953528404e-03 2.857162058353424072e-01
1.484323572367429733e-02 1.197353079915046692e-01
1.941767893731594086e-02 9.925799816846847534e-02
7.733778562396764755e-03 1.704032123088836670e-01
2.696555806323885918e-03 3.774645328521728516e-01
2.867052564397454262e-03 3.799035549163818359e-01
2.344607003033161163e-02 8.263707906007766724e-02
2.820979105308651924e-03 2.418689727783203125e-01
1.298813335597515106e-02 1.270067244768142700e-01
3.046093275770545006e-03 2.460987865924835205e-01
2.886884612962603569e-03 3.774019181728363037e-01
8.579238317906856537e-03 1.535068452358245850e-01
2.369428751990199089e-03 2.784634232521057129e-01
3.021901473402976990e-03 3.830198645591735840e-01
8.548678830265998840e-03 1.541019678115844727e-01
7.806290872395038605e-03 1.662610173225402832e-01
1.663030125200748444e-02 1.129472032189369202e-01
