9.336404502391815186e-02 8.222041130065917969e-01
3.677415475249290466e-02 1.137656688690185547e+00
8.498933911323547363e-02 6.919436454772949219e-01
8.337516337633132935e-02 5.923231244087219238e-01
8.898165076971054077e-02 7.907360196113586426e-01
4.853220283985137939e-02 1.004089474678039551e+00
4.308956861495971680e-02 1.139032006263732910e+00
7.236044108867645264e-02 5.061603784561157227e-01
4.564265161752700806e-02 1.146162152290344238e+00
7.710807025432586670e-02 5.518639087677001953e-01
3.190944343805313110e-02 1.169765591621398926e+00
5.771531909704208374e-02 9.925212264060974121e-01
9.373637288808822632e-02 6.043756604194641113e-01
4.877544566988945007e-02 7.107198834419250488e-01
8.436630666255950928e-02 5.883439183235168457e-01
5.479916185140609741e-02 9.245302677154541016e-01
3.829988092184066772e-02 1.115040063858032227e+00
8.211687952280044556e-02 6.006074547767639160e-01
6.659893691539764404e-02 6.132182478904724121e-01
5.595998466014862061e-02 7.545212507247924805e-01
6.960920244455337524e-02 7.759464979171752930e-01
3.094610758125782013e-02 1.158424258232116699e+00
6.070464476943016052e-02 8.291588425636291504e-01
1.029698029160499573e-01 7.357449531555175781e-01
9.976512193679809570e-02 6.143804192543029785e-01
4.683284088969230652e-02 9.292169213294982910e-01
3.671336174011230469e-02 1.199409723281860352e+00
4.708591476082801819e-02 9.001916646957397461e-01
3.098742663860321045e-02 1.194698572158813477e+00
7.471075654029846191e-02 6.628257036209106445e-01
8.727253973484039307e-02 6.217190623283386230e-01
2.707036398351192474e-02 1.114090681076049805e+00
2.792721427977085114e-02 1.065369248390197754e+00
8.108234405517578125e-02 4.767495095729827881e-01
6.418856978416442871e-02 8.045167326927185059e-01
3.557386994361877441e-02 1.209665775299072266e+00
3.797672316431999207e-02 1.113476753234863281e+00
2.659543044865131378e-02 1.067846417427062988e+00
1.025454625487327576e-01 6.585687398910522461e-01
8.683378994464874268e-02 5.974690914154052734e-01
8.443978428840637207e-02 7.675199508666992188e-01
4.255575686693191528e-02 1.057502508163452148e+00
3.781577944755554199e-02 1.192584276199340820e+00
6.740713119506835938e-02 5.652494430541992188e-01
3.771782293915748596e-02 1.185603260993957520e+00
4.316983744502067566e-02 1.117157936096191406e+00
3.752358257770538330e-02 1.151486515998840332e+00
3.943684697151184082e-02 1.218162894248962402e+00
7.891328632831573486e-02 5.718715190887451172e-01
3.532544896006584167e-02 1.160446882247924805e+00
