5.143804941326379776e-03 6.431950330734252930e-01
2.817130088806152344e-02 1.111382544040679932e-01
2.714460156857967377e-02 1.178158894181251526e-01
2.609707042574882507e-02 1.295087635517120361e-01
1.741190813481807709e-02 1.984310150146484375e-01
2.120688185095787048e-02 1.708627194166183472e-01
2.051633968949317932e-02 1.744538992643356323e-01
2.521992893889546394e-03 3.953651785850524902e-01
2.298290608450770378e-03 4.669608175754547119e-01
2.293595299124717712e-02 1.549241095781326294e-01
4.653562791645526886e-03 6.190096735954284668e-01
1.495572924613952637e-02 2.240681946277618408e-01
5.089339800179004669e-03 6.385465264320373535e-01
1.200398430228233337e-02 2.447641193866729736e-01
1.865304447710514069e-02 1.881067305803298950e-01
3.577141091227531433e-03 5.012561082839965820e-01
4.313665442168712616e-03 5.698652267456054688e-01
2.562674321234226227e-02 1.305934041738510132e-01
1.157460454851388931e-02 2.262760251760482788e-01
2.386441268026828766e-02 1.465028971433639526e-01
4.222169052809476852e-03 2.894475758075714111e-01
2.430937625467777252e-02 1.407970637083053589e-01
6.223232951015233994e-03 2.816908061504364014e-01
2.775906957685947418e-02 1.123583689332008362e-01
4.367789719253778458e-03 5.786513090133666992e-01
1.423409581184387207e-02 2.126213759183883667e-01
3.228858578950166702e-03 4.513586163520812988e-01
2.930114977061748505e-03 3.121495544910430908e-01
9.841120801866054535e-03 2.734701931476593018e-01
3.937242552638053894e-03 5.288549661636352539e-01
4.507995210587978363e-03 6.113428473472595215e-01
3.351376857608556747e-03 4.385512471199035645e-01
9.355043061077594757e-03 2.783981859683990479e-01
3.894515102729201317e-03 4.741238951683044434e-01
4.452512133866548538e-03 2.829582691192626953e-01
2.868197159841656685e-03 3.025986254215240479e-01
3.452022327110171318e-03 4.651106595993041992e-01
9.296385571360588074e-03 2.971070706844329834e-01
4.368741065263748169e-03 6.004193425178527832e-01
2.301885932683944702e-02 1.525483131408691406e-01
2.815223298966884613e-02 1.102420240640640259e-01
2.776613086462020874e-02 1.122174188494682312e-01
1.861762069165706635e-02 1.809558123350143433e-01
2.779024885967373848e-03 3.423357009887695312e-01
2.300965134054422379e-03 3.786504268646240234e-01
4.137582611292600632e-03 5.541774034500122070e-01
2.498953230679035187e-02 1.378832012414932251e-01
6.859730929136276245e-03 2.729774713516235352e-01
2.497141994535923004e-02 1.367308050394058228e-01
5.158866290003061295e-03 6.330432891845703125e-01
