4.768383223563432693e-03 5.421919822692871094e-01
2.767257019877433777e-02 9.104320406913757324e-02
2.726335264742374420e-02 9.326260536909103394e-02
2.288674190640449524e-02 1.255454719066619873e-01
2.507105469703674316e-02 1.102148965001106262e-01
1.841053552925586700e-02 1.553335487842559814e-01
2.179210074245929718e-02 1.261962056159973145e-01
2.505606785416603088e-02 1.097764894366264343e-01
3.530018730089068413e-03 4.343970417976379395e-01
1.530964393168687820e-02 1.829702556133270264e-01
1.336747501045465469e-02 1.885718703269958496e-01
2.962199505418539047e-03 2.910807132720947266e-01
3.228777088224887848e-03 2.907222807407379150e-01
3.898958908393979073e-03 4.953323900699615479e-01
2.334129065275192261e-03 2.890206873416900635e-01
3.688412252813577652e-03 4.888544976711273193e-01
3.694637212902307510e-03 4.459614753723144531e-01
1.006112620234489441e-02 2.173056304454803467e-01
1.797957159578800201e-02 1.650517284870147705e-01
1.710740849375724792e-03 3.613151609897613525e-01
9.250972419977188110e-03 2.314312607049942017e-01
1.636091060936450958e-02 1.695613414049148560e-01
4.554720129817724228e-03 5.291690230369567871e-01
3.549361834302544594e-03 4.454342722892761230e-01
2.186341956257820129e-02 1.275985240936279297e-01
4.383643157780170441e-03 5.084850788116455078e-01
4.463045392185449600e-03 5.102436542510986328e-01
4.533507861196994781e-03 2.601414918899536133e-01
3.715406171977519989e-03 4.952845275402069092e-01
2.799275796860456467e-03 3.093559443950653076e-01
4.241134505718946457e-03 5.022228956222534180e-01
4.105418454855680466e-03 2.269823402166366577e-01
5.034763365983963013e-03 2.440240085124969482e-01
3.285276237875223160e-03 4.197374880313873291e-01
2.739630080759525299e-02 9.236507862806320190e-02
6.505730096250772476e-03 2.257145494222640991e-01
6.590636912733316422e-03 2.252392619848251343e-01
8.609153330326080322e-03 2.290804982185363770e-01
1.134180277585983276e-02 2.004861682653427124e-01
1.165622193366289139e-02 2.015279680490493774e-01
1.035880390554666519e-02 2.136583179235458374e-01
3.580634715035557747e-03 4.554792642593383789e-01
4.172562155872583389e-03 4.636105895042419434e-01
1.629518158733844757e-02 1.669970154762268066e-01
3.497784491628408432e-03 4.301601052284240723e-01
3.567397128790616989e-03 4.549208283424377441e-01
8.625978603959083557e-03 2.357183247804641724e-01
1.822514226660132408e-03 3.705157637596130371e-01
1.268759369850158691e-02 1.939493715763092041e-01
3.190436866134405136e-03 4.151434302330017090e-01
