5.057180404663085938e+01 5.517939376831054688e+01
2.446420097351074219e+01 6.816886901855468750e+01
2.015478897094726562e+01 2.751525497436523438e+01
3.416697311401367188e+01 9.206022644042968750e+01
2.633701324462890625e+01 7.450119781494140625e+01
2.364920997619628906e+01 6.310670852661132812e+01
5.071941757202148438e+01 5.297001647949218750e+01
2.874714469909667969e+01 7.929017639160156250e+01
4.836255264282226562e+01 4.853268814086914062e+01
3.081758308410644531e+01 3.120248985290527344e+01
5.148899841308593750e+01 5.559608078002929688e+01
2.648892211914062500e+01 3.382305526733398438e+01
3.658603286743164062e+01 3.640046691894531250e+01
2.736101341247558594e+01 8.250552368164062500e+01
4.051543426513671875e+01 3.939732360839843750e+01
2.970731544494628906e+01 8.855665588378906250e+01
2.740755653381347656e+01 7.779362487792968750e+01
2.510991859436035156e+01 3.315399169921875000e+01
4.231366348266601562e+01 4.027674102783203125e+01
2.856040954589843750e+01 8.041658782958984375e+01
4.502383041381835938e+01 4.465113830566406250e+01
4.902988815307617188e+01 4.961654281616210938e+01
4.198943710327148438e+01 4.323103332519531250e+01
3.512000274658203125e+01 9.333677673339843750e+01
4.745776367187500000e+01 4.749930572509765625e+01
5.047843551635742188e+01 5.207834625244140625e+01
2.622512626647949219e+01 3.302441024780273438e+01
3.456858444213867188e+01 3.475668334960937500e+01
4.948214340209960938e+01 5.050453567504882812e+01
2.896455192565917969e+01 3.500292205810546875e+01
2.540697669982910156e+01 7.283973693847656250e+01
2.824155998229980469e+01 8.030758666992187500e+01
2.732259559631347656e+01 7.679660797119140625e+01
3.145384597778320312e+01 8.822708129882812500e+01
3.107612037658691406e+01 3.202585601806640625e+01
4.115731048583984375e+01 4.075891876220703125e+01
2.829524421691894531e+01 3.188349342346191406e+01
2.561667060852050781e+01 8.189708709716796875e+01
2.933146095275878906e+01 8.645397186279296875e+01
2.654137420654296875e+01 7.750327301025390625e+01
2.681486892700195312e+01 2.970436286926269531e+01
4.882385635375976562e+01 4.950424194335937500e+01
2.595007133483886719e+01 7.429937744140625000e+01
2.734422492980957031e+01 2.979127693176269531e+01
3.429829406738281250e+01 9.203520965576171875e+01
2.442954254150390625e+01 3.208897018432617188e+01
5.078266906738281250e+01 5.256969833374023438e+01
2.987013435363769531e+01 8.646029663085937500e+01
2.441711807250976562e+01 3.198069763183593750e+01
5.172702407836914062e+01 5.450703430175781250e+01
