4.192271423339843750e+01 5.329257202148437500e+01
1.798899841308593750e+01 2.302088356018066406e+01
2.827330398559570312e+01 4.110003280639648438e+01
3.175928115844726562e+01 4.453388214111328125e+01
2.440595817565917969e+01 3.535648345947265625e+01
4.596123123168945312e+01 5.651340866088867188e+01
3.351027297973632812e+01 4.773550033569335938e+01
3.269794082641601562e+01 4.769891738891601562e+01
4.379445648193359375e+01 5.524084091186523438e+01
4.694065093994140625e+01 5.771873474121093750e+01
4.762521743774414062e+01 5.704412078857421875e+01
3.168582916259765625e+01 4.528701019287109375e+01
3.000406646728515625e+01 4.414253234863281250e+01
2.063491630554199219e+01 3.060970115661621094e+01
2.491514587402343750e+01 3.845346832275390625e+01
3.620815658569335938e+01 4.861179733276367188e+01
1.823386001586914062e+01 2.484890747070312500e+01
3.387468719482421875e+01 4.764062118530273438e+01
1.894462585449218750e+01 2.695349693298339844e+01
3.754283142089843750e+01 4.759666824340820312e+01
2.046101760864257812e+01 2.894117736816406250e+01
4.502427291870117188e+01 5.655530166625976562e+01
3.205829620361328125e+01 4.388098907470703125e+01
1.714696121215820312e+01 2.379437637329101562e+01
4.302118301391601562e+01 5.286888885498046875e+01
4.040716552734375000e+01 5.053040695190429688e+01
3.692729949951171875e+01 4.646652603149414062e+01
2.834561538696289062e+01 3.821628570556640625e+01
4.286705398559570312e+01 5.277042388916015625e+01
3.710730361938476562e+01 4.958682250976562500e+01
2.847045135498046875e+01 3.392166519165039062e+01
2.786406326293945312e+01 3.992160797119140625e+01
4.215269851684570312e+01 5.354628753662109375e+01
3.166410064697265625e+01 4.278420257568359375e+01
1.749844551086425781e+01 2.747420883178710938e+01
3.057910919189453125e+01 3.525301361083984375e+01
3.091300773620605469e+01 4.248093795776367188e+01
4.504677963256835938e+01 5.657050323486328125e+01
1.271924209594726562e+01 1.729303741455078125e+01
2.571615219116210938e+01 3.310928726196289062e+01
3.512525558471679688e+01 4.097702789306640625e+01
1.822086524963378906e+01 2.432779693603515625e+01
2.958020782470703125e+01 4.063833618164062500e+01
3.403431701660156250e+01 4.310810852050781250e+01
2.335685920715332031e+01 3.144005393981933594e+01
3.061564636230468750e+01 4.161214065551757812e+01
4.086389541625976562e+01 5.273097229003906250e+01
3.971633911132812500e+01 4.955900573730468750e+01
3.230057144165039062e+01 4.654778289794921875e+01
2.789520835876464844e+01 3.949180221557617188e+01
