3.688786551356315613e-02 1.240347981452941895e+00
8.265912532806396484e-02 6.935651302337646484e-01
8.085968345403671265e-02 6.333512663841247559e-01
8.446180820465087891e-02 6.089422702789306641e-01
8.036587387323379517e-02 6.345599889755249023e-01
3.397305309772491455e-02 1.119430422782897949e+00
7.753540575504302979e-02 5.863976478576660156e-01
3.541052713990211487e-02 1.259582757949829102e+00
5.588917434215545654e-02 1.042989015579223633e+00
4.033562541007995605e-02 1.158272862434387207e+00
3.529012948274612427e-02 1.193700075149536133e+00
7.701980322599411011e-02 5.762484669685363770e-01
3.424219414591789246e-02 1.189122438430786133e+00
8.063794672489166260e-02 6.646308898925781250e-01
8.773595094680786133e-02 6.943879723548889160e-01
6.338785588741302490e-02 1.038196802139282227e+00
9.188605844974517822e-02 7.141198515892028809e-01
4.003716260194778442e-02 1.166947484016418457e+00
4.659574106335639954e-02 1.165495872497558594e+00
3.675982356071472168e-02 1.227739930152893066e+00
4.413330182433128357e-02 1.092457532882690430e+00
4.819731786847114563e-02 1.030759096145629883e+00
7.892338931560516357e-02 5.766331553459167480e-01
8.691710233688354492e-02 8.900855183601379395e-01
8.139599114656448364e-02 5.839871764183044434e-01
4.671740531921386719e-02 1.104448795318603516e+00
4.282611235976219177e-02 9.898068904876708984e-01
6.349554657936096191e-02 1.032557129859924316e+00
7.727926224470138550e-02 5.664562582969665527e-01
7.151780277490615845e-02 8.540922999382019043e-01
9.846142679452896118e-02 7.094708681106567383e-01
8.200877159833908081e-02 9.387444257736206055e-01
3.588505089282989502e-02 1.287777543067932129e+00
7.195957005023956299e-02 8.969954848289489746e-01
7.387792319059371948e-02 8.817264437675476074e-01
8.106492459774017334e-02 6.148346066474914551e-01
3.815438225865364075e-02 1.154462218284606934e+00
3.413002192974090576e-02 1.277198910713195801e+00
4.561385139822959900e-02 1.105024695396423340e+00
9.104754030704498291e-02 6.366440653800964355e-01
6.867343932390213013e-02 9.306226372718811035e-01
4.535311087965965271e-02 1.160695791244506836e+00
7.889934629201889038e-02 5.942925810813903809e-01
8.736955374479293823e-02 9.181735515594482422e-01
6.036125868558883667e-02 7.753052115440368652e-01
4.804011061787605286e-02 9.884088635444641113e-01
3.264383226633071899e-02 1.265700936317443848e+00
7.858001440763473511e-02 5.972750782966613770e-01
8.039825409650802612e-02 9.907268285751342773e-01
5.822431668639183044e-02 8.660667538642883301e-01
