7.446858286857604980e-02 1.704958677291870117e-01
2.804648317396640778e-02 8.645454645156860352e-01
2.546902932226657867e-02 5.200912952423095703e-01
2.806595899164676666e-02 7.748672366142272949e-01
2.589940093457698822e-02 6.523936986923217773e-01
7.559969276189804077e-02 1.761536151170730591e-01
6.504221260547637939e-02 1.188816502690315247e-01
2.888890542089939117e-02 6.872238516807556152e-01
7.364777475595474243e-02 1.756087690591812134e-01
7.963918894529342651e-02 2.181906849145889282e-01
5.592674389481544495e-02 2.066575139760971069e-01
7.608026266098022461e-02 1.879244595766067505e-01
2.900567464530467987e-02 8.883366584777832031e-01
4.867606610059738159e-02 2.214319258928298950e-01
3.317292034626007080e-02 4.410926699638366699e-01
6.523042172193527222e-02 9.438572824001312256e-02
5.746039748191833496e-02 1.904630810022354126e-01
6.765296310186386108e-02 1.056984737515449524e-01
5.237986519932746887e-02 3.009792268276214600e-01
6.276179850101470947e-02 1.286648809909820557e-01
5.443486943840980530e-02 2.269639968872070312e-01
2.804803289473056793e-02 9.035431146621704102e-01
7.702242583036422729e-02 1.691329181194305420e-01
4.083527624607086182e-02 3.389734327793121338e-01
4.730780422687530518e-02 2.628893852233886719e-01
6.175742298364639282e-02 1.542359739542007446e-01
4.314406216144561768e-02 2.841623425483703613e-01
2.946685440838336945e-02 4.569994211196899414e-01
5.124977976083755493e-02 1.879070401191711426e-01
4.438986629247665405e-02 2.999538779258728027e-01
6.955633312463760376e-02 1.575606316328048706e-01
7.893969118595123291e-02 1.960877776145935059e-01
8.344558626413345337e-02 2.274393737316131592e-01
4.185811430215835571e-02 3.835029304027557373e-01
8.021440356969833374e-02 2.165340036153793335e-01
3.998856246471405029e-02 4.765358567237854004e-01
7.565218955278396606e-02 1.603345721960067749e-01
8.045997470617294312e-02 2.292976081371307373e-01
8.383460342884063721e-02 2.490192651748657227e-01
2.905984967947006226e-02 4.655908644199371338e-01
7.358001917600631714e-02 1.428670734167098999e-01
2.861500158905982971e-02 6.720480918884277344e-01
3.356143832206726074e-02 4.057072997093200684e-01
3.982265293598175049e-02 3.407056033611297607e-01
3.064277581870555878e-02 4.352335929870605469e-01
7.073191553354263306e-02 1.342189610004425049e-01
4.643693193793296814e-02 2.559266984462738037e-01
4.233810305595397949e-02 3.692177832126617432e-01
2.801008149981498718e-02 9.017671942710876465e-01
2.795150503516197205e-02 6.630764007568359375e-01
