9.128223173320293427e-03 6.355131268501281738e-01
3.462292626500129700e-02 1.042389795184135437e-01
3.333079069852828979e-02 1.165043413639068604e-01
3.461509943008422852e-02 1.044608354568481445e-01
2.879986539483070374e-02 1.485669910907745361e-01
3.326136246323585510e-02 1.205661818385124207e-01
3.199825435876846313e-02 1.315280944108963013e-01
3.026971034705638885e-02 1.380656212568283081e-01
5.260407924652099609e-03 3.020699918270111084e-01
3.193009272217750549e-02 1.312393099069595337e-01
8.031290024518966675e-03 6.296722888946533203e-01
6.030922289937734604e-03 5.257458686828613281e-01
7.273131515830755234e-03 5.446947813034057617e-01
2.670840173959732056e-02 1.597189754247665405e-01
2.699908986687660217e-02 1.608022451400756836e-01
5.543302744626998901e-03 4.240591824054718018e-01
6.939660292118787766e-03 2.703466713428497314e-01
6.767593324184417725e-03 4.919435679912567139e-01
3.015723265707492828e-02 1.387648582458496094e-01
2.446909993886947632e-02 1.695315241813659668e-01
4.876771941781044006e-03 3.567479252815246582e-01
6.927905604243278503e-03 5.022217035293579102e-01
9.007140062749385834e-03 6.387838721275329590e-01
6.266443524509668350e-03 2.650868892669677734e-01
6.690646521747112274e-03 5.335041880607604980e-01
5.622832570225000381e-03 4.129169583320617676e-01
1.374249160289764404e-02 2.227748483419418335e-01
2.059197425842285156e-02 1.966661065816879272e-01
1.375790592283010483e-02 2.675624787807464600e-01
2.241578884422779083e-02 1.837692260742187500e-01
4.820509348064661026e-03 4.006214737892150879e-01
1.763518154621124268e-02 2.117341756820678711e-01
1.551493629813194275e-02 2.277888953685760498e-01
7.611008826643228531e-03 5.506515502929687500e-01
1.937424205243587494e-02 1.970285326242446899e-01
5.216587334871292114e-03 4.082332849502563477e-01
5.723812151700258255e-03 4.839669466018676758e-01
1.401785481721162796e-02 2.381075471639633179e-01
8.027121424674987793e-03 5.935474038124084473e-01
1.074059866368770599e-02 2.203172743320465088e-01
2.435220591723918915e-02 1.700493991374969482e-01
7.835274562239646912e-03 5.904323458671569824e-01
7.026062812656164169e-03 2.614965438842773438e-01
7.112796418368816376e-03 2.750343382358551025e-01
2.275908179581165314e-02 1.832287162542343140e-01
1.545328646898269653e-02 2.266124188899993896e-01
5.723500158637762070e-03 4.838950037956237793e-01
4.980315919965505600e-03 4.350303709506988525e-01
1.137094292789697647e-02 2.492905706167221069e-01
5.781754851341247559e-03 4.006121158599853516e-01
