1.920134842256320234e-07 4.371589112875862160e-01 3.364624568614328348e-01 2.526908829196518047e-01 1.818068329800253125e-01 3.180174642546402808e-01
2.409352743131135677e-01 7.510758118739607747e-03 8.545302804856033663e-03 3.088157349322506805e-05 1.706494996218939613e-03 1.201313472566455012e-03
1.621259001926543819e-01 1.987698327299633992e-03 7.446303798818044301e-04 2.271630329415703226e-05 1.921930908269722099e-03 2.951038356726544583e-03
2.178388512753708095e-01 1.031996836166140319e-03 2.565333428798714094e-02 2.839709887415243876e-03 1.859892323911101208e-03 2.099402046286978803e-03
1.255452254656288791e-01 1.032586799270776567e-03 8.733358056963423655e-03 4.965751140533619483e-03 1.063661248380875363e-03 1.184376761365412995e-03
9.080307960811755119e-02 1.032580304667926911e-03 2.573268527067927580e-05 3.230661713409516128e-05 1.586832319415783362e-03 1.409075103422282975e-03
5.980534580669598366e-02 1.032580304667926911e-03 4.436341727107051547e-04 3.230661713409516128e-05 1.657467355229173909e-03 1.409075103422282975e-03
4.132376880492404406e-05 1.154514752259389043e-01 3.041657109960675676e-02 5.614994951278838142e-04 8.605307405387813136e-04 5.913205077649366474e-03
2.526907945549078383e-04 3.617545104051855809e-01 2.697026036134499427e-01 1.527235276248895823e-01 8.025541042515962897e-02 1.524756715010768815e-01
8.702388293187206247e-02 1.032580304667926911e-03 9.832766519403270122e-03 4.988828779513279285e-03 3.160885712428681583e-03 1.214111181820485674e-03
6.772700344754517077e-05 4.056153693256935311e-01 2.862017118267906057e-01 1.517772008580299259e-01 1.187084623286873974e-01 1.506338767679186730e-01
2.349887785714702415e-01 7.510758118739607747e-03 8.551167199209730452e-03 1.284860428386596243e-04 1.551264782715423840e-03 1.204846523081393606e-03
2.764795681169499031e-02 1.046620872794148862e-03 3.054703909000540396e-04 1.284860428386596243e-04 1.551264782715423840e-03 1.204846523081393606e-03
6.145883227244484340e-06 3.349993533458309747e-01 1.911475823741962121e-01 6.218478887833382707e-02 6.863810885674800910e-02 1.385769742778497071e-01
1.009238286847033460e-04 4.100003410022324823e-01 2.697026036134499427e-01 2.105155897387125108e-01 1.563494989959452186e-01 2.247259503348096876e-01
1.353799900221525077e-08 3.110704940246260541e-01 1.254947224606913492e-01 9.573926279229641109e-04 1.619593518913022695e-03 1.218196374626691163e-02
5.347217256918136263e-05 3.312769448397980265e-01 1.598313559623119606e-01 1.431132439896119768e-02 3.050770724307210607e-02 1.000128205644223722e-01
1.470823775988355231e-01 1.032580304667926911e-03 4.436341727107051547e-04 3.230661713409516128e-05 1.657467355229173909e-03 1.409075103422282975e-03
2.198191499284382067e-01 1.086585137122380879e-03 9.110188708730208168e-03 7.691485364256976653e-03 1.126093737211910544e-03 6.769222714779919367e-04
5.229610396451927542e-07 3.110704940246260541e-01 3.577211272278274512e-02 2.554932814644633211e-03 5.447513324150388137e-03 6.032177462399979095e-03
1.776341457428138411e-05 3.279989499510472251e-01 1.910869946936819552e-01 6.522049873207337589e-02 6.629757509885894629e-02 8.799240269372887724e-02
4.954085149493800411e-02 9.551444501657013753e-04 9.116532343429746554e-03 1.069264158380976655e-05 1.937957157250527404e-03 6.023310297683115606e-03
1.070419493106697373e-03 2.007226204177841034e-01 8.756828405306345264e-03 2.839709887415243876e-03 1.406565415810205307e-03 1.047499566366778909e-03
1.417738411267410520e-06 4.066678235186665935e-01 3.090118997093226905e-01 2.289998249168126443e-01 1.577347454253901216e-01 2.236844063453862219e-01
6.538823292872106155e-07 4.466965529090315412e-01 3.280300799602786643e-01 2.273637433240592864e-01 1.612553185492932029e-01 2.809258211439934483e-01
2.693024015369763213e-04 2.823929557196813711e-01 8.502042352369903674e-03 1.164604022433812693e-04 2.683278066771937684e-03 5.969738321039222591e-03
6.731475636961498413e-05 4.056153693256935311e-01 2.862017118267906057e-01 1.527235276248895823e-01 1.567803359630160209e-01 1.506338767679186730e-01
4.356164185551409025e-06 3.822975466487660290e-01 2.779588349134879399e-01 3.904690787017230102e-02 7.106680716884709870e-02 1.346322404731059297e-01
1.776341457428138411e-05 3.279219137808408457e-01 1.978933164251922561e-01 1.577986900489777022e-01 1.565916934706534647e-01 1.538372345269281016e-01
2.428721442988755752e-02 1.268621764488860396e-04 4.360061414640129668e-03 3.026755721608077876e-03 8.649657185642197193e-04 6.636447304446157699e-03
2.526907945549078383e-04 3.617545104051855809e-01 1.905275568192540403e-01 1.527235276248895823e-01 8.025541042515962897e-02 8.260114707490928687e-02
3.446779885838773233e-05 3.349993533458309747e-01 1.911475823741962121e-01 2.922792699496194052e-03 5.671162680920140142e-03 1.380719652645871487e-01
3.446779885838773233e-05 3.446876106408999219e-01 1.385204799658319719e-02 3.025914178060399532e-03 5.671162680920140142e-03 1.589117321737182342e-02
5.925651283364835598e-04 2.129060363025386815e-02 2.424062714889119174e-02 4.988828779513279285e-03 3.309068984298653426e-02 7.677967069104513730e-03
1.441068856876894788e-01 1.261753390789236047e-03 9.110188708730208168e-03 9.497663261755868655e-06 1.888573548841920424e-03 2.951038356726544583e-03
6.538823292872106155e-07 4.466965529090315412e-01 3.280300799602786643e-01 2.570914684468885714e-01 1.614901828008624696e-01 2.809258211439934483e-01
7.202014571736331094e-06 3.178715877416206093e-01 1.930873103199124419e-01 4.250738877468606888e-03 7.272452394686265698e-02 1.261174878908415120e-03
1.359466825986857183e-03 1.011399246699334897e-02 4.360061414640129668e-03 3.026755721608077876e-03 4.453689447865290252e-03 5.421182448782778385e-03
6.145883227244484340e-06 3.349993533458309747e-01 2.703226291683931137e-01 6.218478887833382707e-02 6.863810885674800910e-02 1.385769742778497071e-01
6.731475636961498413e-05 4.056153693256935311e-01 2.862017118267906057e-01 2.499865156195898441e-01 1.613188708370411339e-01 2.863793485604876343e-01
8.602111072346981663e-05 2.339425380678868682e-01 2.407506068877754424e-02 1.014495660746124982e-02 3.239808838472411565e-03 1.283268590071343519e-03
7.085750044239765843e-06 3.629392768707927486e-01 1.254947224606913492e-01 9.573926279229641109e-04 1.619593518913022695e-03 3.395413341059902446e-03
5.097029830204632267e-02 1.068544401717133781e-03 6.204168030187482211e-04 2.879747278769639526e-03 1.010021515994562885e-04 6.458342389378411187e-03
1.550837798496031671e-04 2.013900014048600751e-01 2.221264579841057685e-02 9.384904738354588744e-03 8.605307405387813136e-04 1.008251166103230068e-03
9.570744099836141910e-03 7.071298945398656012e-04 9.138753310190267029e-03 3.194227084546332612e-05 2.000031909074118704e-05 1.444049521108218409e-03
1.134403372771306472e-04 4.100003410022324823e-01 2.697026036134499427e-01 1.443430947286026278e-01 1.579202740759780010e-01 2.247259503348096876e-01
5.710340734132814708e-05 3.348056807939312485e-01 5.678846061136792744e-02 6.223287481808537080e-02 1.551264782715423840e-03 1.065098408158163257e-01
1.343670725330008420e-01 1.142250816446891033e-03 9.116038515708673601e-03 1.523500871301110586e-05 1.162619415021603391e-03 1.227774491569862776e-03
3.099433852622385309e-06 4.056153693256935311e-01 2.862017118267906057e-01 2.298567235791438568e-01 1.577245874194874997e-01 2.863793485604876343e-01
1.009238286847033460e-04 4.100003410022324823e-01 2.697026036134499427e-01 1.527235276248895823e-01 1.563494989959452186e-01 2.247259503348096876e-01
