8.199396709148959461e-01 8.460959319160613612e-01 5.298878396159238668e-02 9.859436211786782867e-01 5.650500270471906505e-01 9.550931321658163720e-01
4.811039452959020579e-03 9.859974562512340279e-01 3.144947492412873968e-01 3.316291042272970779e-01 2.445035445728374612e-02 9.974441972960312874e-01
2.720796819681792211e-03 9.951494975387227271e-01 1.344010179803463712e-01 3.665434845769980354e-01 7.165815529575514375e-03 9.961888272597786420e-01
3.033612589333214427e-01 1.506724485079982342e-04 9.982914131710679539e-01 9.993153908380679740e-01 1.231401095730791373e-03 9.978212505618382355e-01
5.693014554172587394e-01 4.097210699555142721e-02 9.443327326686480339e-01 9.992982152778512317e-01 4.953353343428884038e-04 9.957157098211120161e-01
5.422148333333309811e-01 9.986009242380596840e-01 1.753035763516646306e-01 9.994023795297823920e-01 1.729398516827983512e-01 9.930684999272082480e-01
5.793306522181007612e-01 9.954242205840563296e-01 1.466791504540192748e-01 9.996113248705961185e-01 2.511904243894386712e-01 9.974245888793091819e-01
3.797869541723283282e-01 9.799085078216862588e-03 9.931802110063011613e-01 9.728729203771389056e-01 6.797394121756776542e-04 9.974134568322534644e-01
6.119597293207689193e-01 9.999999284446217107e-01 1.529463542676777477e-01 9.988563817704351200e-01 1.376290849264413807e-01 9.957007032153837311e-01
5.450116333590964146e-01 1.672581498638348041e-02 9.899966822400296795e-01 9.986504358188220687e-01 1.166293278344264408e-03 9.963696476537569069e-01
4.191528324347725265e-01 1.506724485079982342e-04 9.532905206248843966e-01 9.993160150687308008e-01 1.231401095730791373e-03 9.821814179459500416e-01
5.691969775486265259e-01 9.954242205840563296e-01 1.466791504540192748e-01 9.996113248705961185e-01 2.511904243894386712e-01 9.974245888793091819e-01
7.610919881181105184e-01 9.994620456018694643e-01 8.179258884117895922e-02 9.900087178929189990e-01 5.658238823193507683e-01 9.880765349664532016e-01
4.997670129367354774e-01 1.672581498638348041e-02 9.902637793671844602e-01 9.976703765490249065e-01 6.797394121756776542e-04 9.765618936714908216e-01
4.454182580504453814e-01 1.583301172196479797e-04 9.795101301030456620e-01 9.767902779613815145e-01 1.231401095730791373e-03 9.963006626985132508e-01
4.766335071864144513e-01 1.004085927152826891e-04 9.795847777113270149e-01 9.763502243211862330e-01 1.520313259941792616e-02 9.872128212360469224e-01
7.247193478289196689e-01 9.394169485158456734e-01 5.214404916482029417e-02 9.903445458756104935e-01 5.008176831024311326e-01 9.949252117870780454e-01
7.758440502971095665e-01 9.358536026198949198e-01 3.169795414900058311e-03 9.993827926673090056e-01 4.951776815919626262e-01 9.299025572890081692e-01
4.424019373474863404e-03 9.996999504295472905e-01 1.771668405554680803e-01 3.122363599705051951e-01 1.415419037369015226e-02 9.982492975878750618e-01
9.842908330916000370e-03 9.860096411545243855e-01 2.372309947008973408e-01 2.983742558414629875e-01 1.415419037369015226e-02 9.982492975878750618e-01
5.574714862340932608e-01 9.969932464494734026e-01 1.466791504540192748e-01 9.992035690826202021e-01 2.662388138476110555e-01 9.974245888793091819e-01
7.765405707292637461e-01 9.806958895216395522e-01 3.374485394381657177e-02 9.922805433465179403e-01 4.968894317483569800e-01 9.940201353869507761e-01
6.288257977700864032e-01 9.874875021983307022e-01 3.710113958789437727e-03 9.979526035604353584e-01 5.616511725674698807e-01 9.880765349664532016e-01
5.209663474925904092e-01 2.302836298630955847e-02 9.899966822400296795e-01 9.959491687233135160e-01 1.088244193263782078e-02 9.769514101610086154e-01
3.538579078366458353e-01 6.622562459227543386e-04 9.960017344010172469e-01 9.983140105619243698e-01 2.100837397680899166e-02 9.808698000956498353e-01
7.890729022203268883e-01 8.460959319160613612e-01 4.225621748207352563e-03 9.859436211786782867e-01 6.259122789481628146e-01 9.550931321658163720e-01
5.933228737866618197e-01 9.737400838087778565e-01 5.694017385264875560e-03 9.979810641604104360e-01 4.949638680302261839e-01 9.933024818504184728e-01
6.916191607268019625e-01 9.937945096247668975e-01 4.758495597491473050e-02 9.958726362541993060e-01 5.667828289784063722e-01 9.898469689900969426e-01
5.693014554172587394e-01 9.997557656884454858e-01 1.527744964347455547e-01 9.992968373969236540e-01 4.167681046032475911e-03 9.957157098211120161e-01
4.777024500053447809e-01 1.644628738664736384e-02 9.902637793671844602e-01 9.976703765490249065e-01 1.272003784541875758e-03 9.765618936714908216e-01
6.577405248953651640e-01 9.922862429523285899e-01 5.737809396566651010e-03 9.998425252950611242e-01 5.232876363168377232e-01 9.922367688188821200e-01
3.357159538666172893e-01 9.795563708543213871e-03 9.981361273931511624e-01 9.767902779613815145e-01 3.805179897777506747e-04 9.963006626985132508e-01
6.641565042686254916e-01 9.731514062184400959e-01 5.209552479724745971e-02 9.992819949291927850e-01 5.496759427204016557e-01 9.880765349664532016e-01
6.194710698476191268e-01 9.936787859320288518e-01 3.609749434480601094e-02 9.995277573281972083e-01 5.438325396677345935e-01 9.932612511962236601e-01
5.116823384247222162e-01 1.672581498638348041e-02 9.900767181801339856e-01 9.726659285775840491e-01 6.797394121756776542e-04 9.964166162961711759e-01
3.211701834292083335e-01 5.329397091513798750e-03 9.993614819494478496e-01 9.994565083593272004e-01 1.511899349066706671e-05 9.977025635175628127e-01
5.407392260917587290e-01 6.622562459227543386e-04 9.960017344010172469e-01 9.972944916570434248e-01 1.405082823619055107e-03 9.808698000956498353e-01
7.258164708535694842e-01 9.939223471298738177e-01 5.291908457278038380e-02 9.899799700542123437e-01 5.360618344406796743e-01 9.950447572308255273e-01
3.706902922414209156e-01 1.502677414116741772e-04 9.762537386680203433e-01 9.994019410389132219e-01 1.222091177966622578e-03 9.874251413570295233e-01
6.559671995848496140e-01 9.999641426480488926e-01 1.547600910365432014e-01 9.952586155615396057e-01 6.020125266150239129e-01 9.902140754034334247e-01
8.336753902266142990e-01 8.598837891321431393e-01 7.244760577720610328e-02 9.859436211786782867e-01 5.650500270471906505e-01 9.876508863766372270e-01
6.418711511666203018e-01 9.860097519886021900e-01 1.529463542676777477e-01 9.986483251997844146e-01 5.383676561946953987e-01 9.957007032153837311e-01
6.119597293207689193e-01 9.999641426480488926e-01 1.527000286773952109e-01 9.986655041505786423e-01 5.470449893797325602e-01 9.957007032153837311e-01
6.119597293207689193e-01 9.985977838848408839e-01 1.564282541347268296e-01 9.993844588362110759e-01 1.805114106838849042e-01 9.957007032153837311e-01
7.096223081973397351e-01 9.951059312258153655e-01 3.395058739391559888e-02 9.900087178929189990e-01 5.360618344406796743e-01 9.950357976900601198e-01
5.991021650086995054e-01 9.743684137212758056e-01 5.694017385264875560e-03 9.958676788697881088e-01 5.676015241805868472e-01 9.896254566319537815e-01
6.455514456906720211e-01 9.951494975387227271e-01 1.344010179803463712e-01 9.656926370348890565e-01 6.161771608785127086e-01 9.961888272597786420e-01
7.071876593115574705e-01 9.929475012653506960e-01 3.573200802290144029e-02 9.995301578635586992e-01 5.343500842842852094e-01 9.957261555863974323e-01
6.194710698476191268e-01 9.781954807258598228e-01 3.609749434480601094e-02 9.997148631530080598e-01 5.438325396677345935e-01 9.932612511962236601e-01
6.858398695047640548e-01 9.931660477036794443e-01 4.758495597491473050e-02 9.979860215434146475e-01 5.705397924732786841e-01 9.935239942085539733e-01
