7.966573623282565764e-05 4.017670993742774033e-01 3.336523123703949434e-01 2.277640213878387720e-01 1.482408382255773760e-01 1.118808283502085998e-01
2.106593714129638695e-01 2.152399542066557158e-03 3.209595798935308518e-03 1.368197572107529569e-03 2.201604057435101180e-03 6.322345568066951166e-04
2.010928042371858404e-01 9.271971090594570419e-04 1.633478674296943642e-04 1.204564003641882351e-03 4.085070438280668376e-04 9.911998227159275754e-03
1.342909859570710351e-01 9.214086876614748260e-04 1.651144254532668602e-04 2.628873964643683395e-05 4.154428352310356176e-04 2.438059872407910035e-03
1.634804354735695520e-01 2.442246628088972239e-03 2.780801493606026992e-03 4.958304031499060922e-04 7.227355894939235109e-03 2.438059872407910035e-03
9.037158337884165782e-02 2.060554752421883511e-03 4.804320541722292403e-04 4.414818310991317591e-05 1.199005279403971697e-04 2.719956222124531378e-04
1.234719207138078589e-01 4.006671520516808752e-04 1.171766980356871678e-02 1.733814426986390878e-03 3.788626969190330221e-03 8.650251399208079214e-03
1.632604764863967717e-01 2.442246628088972239e-03 6.207517950236090404e-03 8.225385710865099412e-06 7.227355894939235109e-03 2.438059872407910035e-03
4.844586852216520588e-06 3.269104903574628906e-01 2.407879657683953956e-01 5.394655381582241435e-03 1.187576652728341148e-01 5.924833516845737008e-04
6.700064334344402184e-02 2.140710719135277898e-03 4.687452977857851921e-04 6.919687121754681744e-04 2.869826683602594644e-02 2.719956222124531378e-04
5.057441576736149136e-02 1.542492672793976255e-03 1.633478674296943642e-04 1.204564003641882351e-03 6.258163812129419884e-03 4.143839381719385123e-03
1.144973385895101941e-05 2.365111264053245677e-01 7.171414342024662325e-02 2.220199369420862347e-03 5.030720493591223780e-02 8.124105113852662929e-03
4.834549532266516070e-04 2.365111264053245677e-01 3.238296595428964697e-03 2.200336376087548042e-03 1.630998212346749729e-02 8.124105113852662929e-03
1.430661562237918666e-06 3.922044884945159460e-01 2.784582765581228303e-01 1.355463055961633467e-01 9.103536179117519000e-02 3.332307689770121206e-02
6.206715037619669429e-06 2.575858952723478756e-01 9.037641718897224119e-02 4.358379289851128935e-02 5.030720493591223780e-02 3.303879313120809680e-02
1.731488036298149322e-05 3.922044884945159460e-01 2.783576342830328954e-01 1.362704606002952401e-01 9.260320253302777027e-02 1.107221494004025364e-01
3.082578427424205664e-06 3.415961113591003961e-01 2.784582765581228303e-01 9.975051215359245771e-02 1.193582763033454591e-01 3.783293026418316912e-02
2.238956730591785960e-02 2.727849281223730573e-03 3.243963543941159357e-03 9.942848747582829633e-06 1.049081962961501656e-02 1.769958548425805064e-04
8.895546989667271753e-02 3.119839498650832117e-03 2.701385092568286961e-03 1.621701316042842744e-04 2.927677195407615493e-02 3.081030603028715297e-04
6.292712925298345433e-05 3.325001950530410144e-01 9.113383440120724488e-02 5.021234941834915033e-02 7.894343364399548924e-02 2.825510658545425657e-02
5.307314302558790997e-03 2.465493963207412292e-03 3.326928787788605013e-03 1.345323547311120518e-03 3.213133809262837259e-04 2.346367577910224856e-04
7.479762014670923720e-02 3.240473654607490834e-03 5.130025653264725163e-03 7.110589324137747518e-04 1.627848940517661464e-02 2.453631028741707319e-04
8.009927106121360199e-05 3.905289445572970308e-01 3.336523123703949434e-01 2.016013645281385935e-01 1.482402891204793738e-01 1.118808283502085998e-01
3.082578427424205664e-06 3.415961113591003961e-01 2.784582765581228303e-01 9.975051215359245771e-02 6.853486950585754856e-04 9.039920455060142246e-03
1.234719207138078589e-01 4.006671520516808752e-04 1.171766980356871678e-02 3.677916249716544142e-04 5.547187290439754143e-04 4.175372775657916480e-03
7.967029038865492297e-05 3.908912171897493404e-01 2.977840182934274882e-01 1.974180829567283579e-01 1.482408309338142105e-01 1.106139172034748541e-01
8.010382521704285377e-05 3.905077570691722344e-01 2.977840182934274882e-01 1.975279700490147061e-01 1.482402818287162360e-01 7.495044082608809388e-02
8.042079291516944202e-05 1.606763934826727636e-01 1.371634405121741063e-02 1.011931158906929917e-03 4.863358274800781700e-02 2.348510347202837820e-04
3.082578427424205664e-06 3.922044884945159460e-01 2.784582765581228303e-01 9.975051215359245771e-02 9.103536179117519000e-02 3.332307689770121206e-02
6.206715037619669429e-06 2.575858952723478756e-01 9.773099007576449559e-02 4.934135004222225951e-05 5.030720493591223780e-02 8.124105113852662929e-03
1.936765898494416090e-05 4.040431330144731437e-01 2.621881351247371539e-01 2.018752751680294444e-01 1.217689192841461127e-01 6.830263346445503148e-02
8.042079291516944202e-05 1.550198746160870722e-01 1.371634405121741063e-02 4.912613458787426501e-02 5.095360390451514343e-02 4.684241171119540859e-04
7.841096607686680905e-05 1.556705780577177511e-01 6.333134472774920587e-03 3.288797847201441801e-03 3.213133809262837259e-04 6.266505724921642151e-03
4.844586852216520588e-06 3.269104903574628906e-01 2.407879657683953956e-01 5.394655381582241435e-03 4.441914773076253986e-02 8.696977598558773559e-03
2.040980872779670774e-01 9.271971090594570419e-04 1.633478674296943642e-04 1.204564003641882351e-03 4.085070438280668376e-04 9.911998227159275754e-03
7.124022174921422842e-07 9.544999845895030255e-02 1.643721749443636387e-02 3.288797847201441801e-03 3.213133809262837259e-04 3.241056408864219363e-04
7.124022174921422842e-07 9.226387782811426574e-02 1.643721749443636387e-02 3.288797847201441801e-03 3.213133809262837259e-04 3.358922834062402774e-04
7.124022174921422842e-07 1.565668939232529866e-02 1.643721749443636387e-02 3.288797847201441801e-03 1.651030351915949018e-02 7.424963049749683242e-03
3.434016381881957458e-02 1.968523709899574255e-03 3.794843822258107090e-03 1.147329711561615069e-03 3.797720997877649524e-03 8.484581166502349822e-03
3.751431357687842749e-02 1.224213546604082780e-03 3.804860882433771206e-03 1.962360323866120786e-03 1.349750571914949335e-02 6.648411867140403874e-04
2.483000018724048144e-02 5.872086178494847694e-05 4.901038159765370994e-03 6.319106299694169770e-04 8.153973599711121165e-03 1.769958548425805064e-04
6.809442664818526632e-07 3.434252870315464556e-01 2.784582765581228303e-01 4.253858951567378310e-02 1.220648575745211933e-01 3.783293026418316912e-02
8.010382521704285377e-05 3.405477228749448360e-01 2.977840182934274882e-01 1.877051200633503003e-01 1.482402818287162360e-01 7.495044082608809388e-02
7.479762014670923720e-02 7.025541303352427977e-03 5.086189567969587669e-03 5.089513219277290489e-04 1.627848940517661464e-02 7.409663277538506426e-03
6.292712925298345433e-05 3.325001950530410144e-01 2.499310335869148192e-01 5.021234941834915033e-02 1.246252275153879041e-01 2.124606943972244533e-02
6.809442664818526632e-07 3.434252870315464556e-01 2.784582765581228303e-01 4.253858951567378310e-02 1.193582763033454591e-01 3.783293026418316912e-02
6.206715037619669429e-06 2.224258911112149406e-02 3.369297738769858053e-03 4.705634765594387354e-05 7.505823445840817398e-03 1.797236238482644022e-04
4.844586852216520588e-06 3.269104903574628906e-01 8.199085573674742833e-02 3.423006848052528514e-03 7.307587140217117194e-02 2.373935274934092093e-02
4.624754861322820376e-02 1.020775428559834780e-03 1.172154987966547452e-04 3.700003771448898138e-03 1.810756097086211117e-02 4.175363591446002928e-03
4.844586852216520588e-06 3.269104903574628906e-01 1.986982724602835426e-01 7.078205044884327765e-03 1.184639030433500412e-01 8.104015179612560071e-04
