3.370006192057030114e-01 1.244059755540350733e-02 1.535834248561161047e-03 1.454936158704568140e-03 2.428883348330994427e-03 4.541900222221777195e-03
1.349733085666817987e-05 9.738042879469208102e-02 4.133998100346510940e-01 7.134602104925790167e-01 3.242726478544223356e-01 6.012181614740461644e-01
5.562068356412405712e-02 1.365977711580131267e-02 1.910639613224778682e-03 1.323659346342057064e-05 9.561115970809393183e-03 1.688650716857994713e-05
3.314747654259810328e-01 1.022536126944739200e-02 6.396635394787524020e-02 5.252470281887806902e-02 3.495242236440680803e-03 4.529753313845169549e-03
6.287746525412800380e-05 9.692546927616422711e-03 2.241778148263031678e-01 4.577630969100727754e-01 1.116343293168728656e-01 2.868492439107588332e-01
3.001022938302849805e-04 1.962828357240294433e-02 3.208512349339526226e-03 3.775335261989272162e-01 4.954534802421017847e-02 1.296645928529609748e-01
2.141431598548474303e-04 5.679627809149444956e-03 1.974092537287517046e-01 3.314310192722077497e-01 1.545921302936361097e-01 3.103022244852635669e-01
1.315162224725036685e-04 1.966884294443978567e-02 3.208512349339526226e-03 1.931985362846094234e-01 4.682806591590421563e-02 1.320654534086587728e-01
8.278185832557381080e-04 1.822310270200802607e-02 5.899294371439431361e-02 2.022313621046392673e-01 3.850497460893345658e-02 3.314944125462888636e-01
2.880218309510926798e-03 1.793119525140228834e-02 5.823913545812320347e-02 3.817981297066741497e-01 4.949610958840718056e-02 3.747942389579979050e-01
5.952038672688564347e-04 1.911679883878879965e-02 6.397305398469428639e-02 1.220539974348133633e-01 9.076743370858976478e-02 7.435161644515975166e-02
1.010612151949508348e-05 1.055213518698638886e-02 5.946580573359967758e-02 3.259153888778781316e-01 7.795651271783952951e-02 3.177098330275889837e-01
8.964079928672761318e-06 5.204263426484267291e-02 2.237699358268896710e-01 5.943748036076659247e-01 1.494860604357088618e-01 5.086792567439314405e-01
1.343824661377985554e-05 5.402095215215778345e-02 2.115944246906226178e-01 5.854582091640310182e-01 2.439356757368975059e-01 5.057722837324082343e-01
9.825473299568485835e-03 1.365977711580131267e-02 1.204660091305580910e-03 1.323659346342057064e-05 9.561115970809393183e-03 1.688650716857994713e-05
6.658435647149649769e-05 9.569525759332286885e-03 1.987992909703378275e-01 4.648191784855032482e-01 1.520651205410157025e-01 3.099475972091323417e-01
1.382607900948431418e-04 1.057726162668916337e-02 5.946580573359967758e-02 2.384370426211719907e-01 7.795651271783952951e-02 8.630335574113121022e-02
2.214351275933862384e-03 7.680505711504120175e-03 9.154947920013210838e-02 2.046149484559112719e-01 1.130379583826431229e-02 1.359497274291755070e-02
1.438286768290822880e-05 9.402504814600769201e-02 3.750101344541822979e-01 7.134602104925790167e-01 3.242726478544223356e-01 5.704593089396436945e-01
3.951462724458369420e-05 5.204263426484267291e-02 2.184497164795589641e-01 5.943748036076659247e-01 3.421428786463970306e-01 5.086792567439314405e-01
3.967565159904195074e-05 2.644122358117863975e-03 2.231504214557705756e-01 5.095148018752519992e-01 2.314703054066672705e-01 4.311324960178922749e-01
5.075485922800841623e-04 5.400078918176730303e-02 3.776026952580056051e-01 6.005858923296588658e-01 3.013405749744433315e-01 5.138584874251600487e-01
2.864452549288910334e-03 8.578505452928257557e-03 6.323669328691432223e-02 4.742808941325522831e-02 3.811118591781356701e-02 6.287352425230349762e-02
5.776491736335211472e-04 5.852477021298652105e-02 2.191004267476905076e-01 4.658250685942184610e-01 2.384147753536796643e-01 3.622373340642971451e-01
3.327692281110904426e-01 1.237603149601501813e-02 1.535834248561161047e-03 1.499005896830737580e-03 3.495242236440680803e-03 4.529753313845169549e-03
2.833823922490054468e-03 1.837010088293514198e-02 6.548633272817314110e-02 8.227000187632077521e-02 3.505693020560999434e-02 7.246362339663847685e-02
5.075485922800841623e-04 5.400078918176730303e-02 2.130212179137271900e-01 7.120603289492321020e-01 3.192865705440419699e-01 5.138584874251600487e-01
2.104364090469256334e-04 5.679627809149444956e-03 1.868225443268340391e-01 3.243749376967813292e-01 1.544979891249942117e-01 2.872038711868900585e-01
3.314747654259810328e-01 1.022536126944739200e-02 3.562782396511707944e-02 5.252470281887806902e-02 3.495242236440680803e-03 4.529753313845169549e-03
2.880218309510926798e-03 1.793119525140228834e-02 6.339930468542986919e-02 3.817981297066741497e-01 5.124845535050105705e-02 6.771484740237254663e-02
4.971203034919482447e-04 1.966884294443978567e-02 1.923514370084890290e-01 1.931985362846094234e-01 4.682806591590421563e-02 1.320654534086587728e-01
2.765735191404992618e-05 7.220750419939650500e-02 3.985200124723213833e-01 5.854582091640310182e-01 2.130163873134239549e-01 5.064769588072510764e-01
7.127449632049632090e-05 7.273635258210692060e-03 2.124667487518273890e-01 4.598115239617765471e-01 2.443135559763226772e-01 5.294132865081793149e-01
2.628644048260708223e-03 3.758426635387220049e-02 5.011417569581541609e-02 3.383423485140207854e-01 3.487286689465177170e-02 2.938089780839048260e-01
2.765735191404992618e-05 5.208500986753110407e-02 3.967282632450399027e-01 5.854582091640310182e-01 3.438306599821095988e-01 5.133200009541020181e-01
1.315162224725036685e-04 1.920763393219397305e-02 1.365346403698389777e-01 2.000126945139516499e-01 4.280233924972912107e-02 1.359206708019629617e-01
2.833823922490054468e-03 1.837010088293514198e-02 6.548633272817314110e-02 8.227000187632077521e-02 1.985111312549962120e-02 9.580493626170816235e-02
2.912758425802063360e-05 5.246664995124272757e-02 2.847829934602028601e-01 4.379417239872831491e-01 1.519709793723738045e-01 3.725855368721240346e-01
3.967565159904195074e-05 2.310961078645611122e-04 2.044121585669857188e-01 4.958022433831186238e-01 2.311220622768228594e-01 3.051736803222818151e-01
1.980129002571746487e-04 1.057726162668916337e-02 5.946580573359967758e-02 2.430853707129856933e-01 8.490117249497458607e-02 3.696699103613182991e-01
1.438286768290822880e-05 9.738042879469208102e-02 4.133998100346510940e-01 7.134602104925790167e-01 3.242726478544223356e-01 6.012181614740461644e-01
6.886411036610652278e-05 1.843519943002951134e-02 1.487864542086859698e-01 3.789284792523439083e-01 4.277648198293240722e-02 1.438762756781099550e-01
8.964079928672761318e-06 1.563663002930599372e-02 2.155796997469662246e-01 6.253307367684608487e-01 3.034322195521779175e-01 5.086792567439314405e-01
1.681943954346693123e-04 8.011033793898402616e-03 2.237796600604529673e-01 4.577630969100727754e-01 1.500579118708964266e-01 3.348980348556559461e-01
5.557769925876088202e-03 5.455794880299708050e-03 2.105782057320343681e-01 4.607836105527641224e-01 2.419143136438625108e-01 3.520128187527686303e-01
1.669102232270324121e-04 2.068677189241992231e-02 3.776026952580056051e-01 7.120603289492321020e-01 3.192865705440419699e-01 5.192653365105838192e-01
2.912758425802063360e-05 5.400862971967010373e-02 2.815354460195352293e-01 4.379417239872831491e-01 2.425127808878409508e-01 3.722443239400364257e-01
1.834135069563643666e-06 1.920763393219397305e-02 1.365346403698389777e-01 2.000126945139516499e-01 4.042371442444363250e-02 1.208048489284901661e-01
2.375045530248693151e-04 1.666604241222469085e-02 2.014403852671383943e-01 4.613023138983152749e-01 2.443135559763226772e-01 5.294132865081793149e-01
4.313741523999159444e-03 1.237648000168551331e-02 1.845414845419197404e-03 7.158939407303771887e-03 6.463027291361211901e-02 4.684960045748469415e-02
