7.782069957091802370e-05 4.224017400093782459e-01 3.518354219518484705e-01 1.659798402637265025e-01 1.866427350877806202e-01 2.665681268295981843e-01
3.114582684303019433e-01 1.389279114297205589e-03 4.537202366867886709e-04 4.031556638958288565e-03 2.171432547192972840e-03 4.010830176503941621e-04
2.304865245495784087e-01 7.076530238968757255e-04 4.023905120868404760e-05 1.520143594122019132e-02 2.131487585568902880e-03 1.902070674441216479e-04
1.823210570283678444e-01 2.881986868476135635e-03 4.579926352638207703e-04 3.865023341314179593e-03 3.388957438736441442e-03 3.578064457116835427e-03
1.419498122192665024e-01 2.954434088557417182e-03 4.608678392886266656e-04 2.129070171293201245e-04 3.388023952063287138e-03 6.448472217497041442e-04
1.670165658381284057e-02 1.425487219421413959e-02 4.823000800966736543e-03 7.767500887986594944e-04 1.793943781215506447e-03 1.661668663507411383e-03
2.918850221679762380e-01 2.046088223538348799e-04 1.425090734719611273e-04 3.665338740422900699e-03 2.171432943785666855e-03 3.666574428023627527e-04
2.510721443971949407e-01 3.764763235571427780e-03 6.940943046381353818e-04 3.581141288017983086e-03 1.192741990710269838e-02 1.475758836408855128e-03
8.249268758905704368e-05 7.031810518165845791e-02 1.046926951796761651e-02 6.122339104437490853e-03 6.489097772195298597e-02 2.201828175193153245e-03
2.041952735717700307e-01 7.076530238968757255e-04 4.023905120868404760e-05 1.520143594122019132e-02 2.131487585568902880e-03 2.780247140671445859e-04
7.782069957091802370e-05 4.165341426828110261e-01 3.518354219518484705e-01 1.572851191262887305e-01 1.307986615979254974e-01 2.451740102454498804e-01
3.367266228556224650e-02 2.371357604375588096e-02 7.408752012623132360e-04 9.771603847229354614e-03 4.059551949039908944e-06 1.704122588499299828e-04
6.936511944773568971e-05 4.268920819721846449e-01 2.457523221855567042e-01 5.006145355641894445e-02 1.428661517400531267e-01 1.655534078326306446e-01
8.414003796988384662e-05 3.198561901793637308e-01 1.502809267033848317e-01 5.991525301766104095e-02 1.321790907048363550e-01 6.932047606972077669e-02
1.892972034496468868e-05 4.205868087321024684e-01 2.553554583777702391e-01 1.659826187128007335e-01 1.964166560387227423e-01 2.374859632760839001e-01
2.703700030799287002e-01 1.307352961172708605e-03 2.462087899921997338e-04 7.178238598566056075e-03 7.689906275150665965e-04 1.524604459714123039e-03
1.972379182444138372e-05 3.121989419788075981e-01 1.534496188830312691e-01 7.287148077574605309e-02 1.276104524003556506e-01 1.187756071520974233e-01
7.023649357362576028e-05 2.487707298462424887e-01 1.551642843042544406e-03 7.571757779745290177e-03 1.142073856816199287e-02 3.659909065034226694e-02
1.972379182444138372e-05 4.224281912152165197e-01 2.544953992897577288e-01 7.660507103746308499e-02 1.276104524003556506e-01 1.143749985579446404e-01
1.972379182444138372e-05 3.577207858906337190e-01 1.534496188830312691e-01 6.935014231034412890e-02 1.306863502054423087e-01 1.078293285999074314e-01
7.598918000910955418e-05 3.271122814378759625e-01 1.037119986523954984e-01 3.634520602682364543e-03 1.231682231604445260e-02 5.720045129744444345e-03
1.322954139436360310e-01 3.335858154265714057e-03 5.664103926401146418e-05 9.935493302869543783e-03 1.682067740851596414e-04 9.688607022882850250e-04
2.703700030799287002e-01 1.307352961172708605e-03 2.655007217869254782e-04 7.069049556886829178e-03 2.171840606926380216e-03 3.552265649282446147e-03
6.566011101005655298e-05 4.272556150383587381e-01 2.531729686375245869e-01 1.933651199275582544e-01 1.292371517299474859e-01 1.953477453798335151e-01
1.007314849748158214e-01 1.996833551694034148e-04 7.423567325600902850e-04 4.129225456591962412e-03 3.234231738551503112e-03 7.117330978206348226e-04
6.686581037886824008e-02 1.565924984087477961e-03 1.557783480309604673e-04 8.824770374539551293e-03 2.835373049484175845e-06 3.604179747581847879e-04
1.238529257130221127e-05 2.471200872180002450e-01 3.109013598822318869e-03 4.066926904785255620e-03 1.142073856816199287e-02 1.073907741357266188e-03
1.149112251183926625e-01 3.022520023740926653e-03 7.091442075251534055e-04 2.907359023693155929e-03 2.615402008873980721e-03 1.117571980599720710e-03
6.566011101005655298e-05 3.933313697107659324e-01 2.567047429459906605e-01 1.570365279746490927e-01 1.255210061987919179e-01 1.987576687944419551e-01
7.629906533888273753e-05 4.217939379055331561e-01 2.563563960652359142e-01 1.450315005247993505e-01 1.421092187594947542e-01 2.452254764098021900e-01
6.566011101005655298e-05 3.933313697107659324e-01 2.567047429459906605e-01 1.559742669478123567e-01 1.165655223817633479e-01 1.987576687944419551e-01
6.955797387084086138e-05 3.099499320752202025e-01 1.397920712889316741e-01 7.813166830837589560e-03 1.596342381962110452e-02 1.053029025464866375e-01
6.708079205797071263e-05 1.650969280754263080e-01 9.321605041615867171e-03 2.869090691457371316e-03 1.295108810694198601e-02 6.100390575815323613e-04
7.425440457878111633e-02 7.540128811566173747e-04 6.640446428848445894e-05 6.946933129365053146e-03 8.495270212218299435e-05 3.399846803233841624e-03
8.792829077378895575e-02 4.451630338540929488e-03 7.496127833427348400e-04 2.869090691457371316e-03 1.279586581778815145e-02 6.181309453545036012e-04
8.414003796988384662e-05 3.870238950466166616e-01 2.539522523486384409e-01 7.074017603743337768e-02 1.306863502054423087e-01 1.074743995325706941e-01
5.358048664056241916e-02 1.414042142101623600e-02 6.451178895677742164e-03 1.033040995477643720e-02 1.670891587541822572e-04 3.447590421021188775e-03
1.933622078556422874e-01 1.425487219421413959e-02 4.938336037621539332e-03 7.767500887986594944e-04 3.506121858391549745e-04 1.661668663507411383e-03
8.249268758905704368e-05 3.268925117997547591e-01 1.046926951796761651e-02 2.768216122217980954e-03 6.489097772195298597e-02 2.201828175193153245e-03
7.916577058836981185e-05 3.192087804097983317e-01 1.400035107283127689e-01 6.939036624277780674e-02 1.254750600693507745e-01 2.344419054345903142e-02
9.208640732608515931e-05 3.279569759394740935e-01 2.967647526042060946e-03 2.869090691457371316e-03 3.381496812456030732e-03 2.978163354992513501e-03
5.358048664056241916e-02 1.375391071676895782e-02 8.505138713006820013e-04 9.935493302869543783e-03 8.394010844095696477e-06 3.551263812213508071e-03
9.255581217130931515e-02 3.335858154265714057e-03 5.664103926401146418e-05 9.935493302869543783e-03 1.682067740851596414e-04 9.688607022882850250e-04
2.439111817310057827e-05 3.028422625106285682e-01 1.397920712889316741e-01 7.813166830837589560e-03 1.596342381962110452e-02 1.035896460945077840e-01
1.149112251183926625e-01 3.022520023740926653e-03 1.051286268283596094e-02 2.907359023693155929e-03 2.615402008873980721e-03 1.117571980599720710e-03
3.754396189113978072e-06 3.249018076373538788e-01 1.440089942824247515e-01 9.518552733728291235e-03 3.466757759371896092e-02 3.189884001111305094e-04
7.916577058836981185e-05 3.192087804097983317e-01 1.400035107283127689e-01 6.915868916343073658e-02 1.254750600693507745e-01 2.637668057915414088e-02
1.972379182444138372e-05 4.355096137050197824e-01 1.786321200459520808e-01 4.035008477520277137e-02 1.276104524003556506e-01 1.040730225011969878e-01
7.023649357362576028e-05 3.197092279395641334e-01 1.407764629307064752e-01 7.617296093183736731e-03 1.271664377321106779e-02 3.659909065034226694e-02
7.766103305828497838e-05 1.620899420874348795e-01 1.302072535803838749e-02 5.724390885987409860e-02 2.195332157422072439e-02 3.552080015805821490e-03
