5.280126224608355789e-02 7.239384445554319925e-01 7.247784653005187039e-01 3.791628643560137069e-01 2.586042470860062947e-03 9.999205812565317153e-01
8.086724495427761727e-01 8.865575853116144378e-01 4.515941918041121994e-02 9.598941221405371538e-01 5.488778283409510017e-01 9.996647830834339832e-01
2.631762543450599234e-01 8.844723065737936096e-02 9.123484432763198093e-01 8.598606941605678733e-01 3.576836851840910214e-03 9.989554801483827573e-01
1.344804375018975873e-01 7.197240600543772793e-01 8.025700377366707938e-01 5.414828504525742714e-01 9.499306507984956946e-03 9.978547931378243252e-01
5.526552526605235105e-01 3.042166481846275694e-02 9.239783335333838776e-01 9.981069230134169690e-01 1.009028510075449681e-04 9.991657491955036052e-01
6.170897512276396490e-01 2.795565043813498796e-01 8.460125373002728155e-01 9.784869571405947486e-01 5.682955232100606047e-03 9.999399531467622060e-01
6.494263377800235659e-01 3.428239917321046493e-01 6.854980298451690546e-01 9.997820892922032465e-01 3.240817119193725726e-02 9.987479909429720637e-01
5.845993936767942545e-01 9.341759090058976422e-01 3.635464395870896537e-01 9.988536595065247159e-01 4.240779037019294651e-02 9.985152585101376710e-01
5.193449472533780975e-01 1.295017453484625936e-02 9.782701653921838103e-01 9.988535482856278902e-01 9.804945496504433727e-04 9.985174793059106158e-01
6.463574782610255198e-01 9.242961292201545831e-01 5.169451489369430996e-02 9.987516722598752672e-01 3.253267767901952268e-01 9.971486336807479089e-01
6.086149699840822658e-01 9.341759090058976422e-01 3.635464395870896537e-01 9.988265630309091092e-01 8.141721929158865501e-04 9.985152585101376710e-01
7.815508057106566042e-01 9.377149957529287150e-01 2.415177089970754754e-02 9.987695888663796762e-01 3.644820689662990332e-01 9.982827243982985710e-01
6.170897512276396490e-01 3.070526882936853164e-01 7.365340402460045510e-01 9.998317460853882732e-01 6.867759877411712052e-03 9.971455192738808426e-01
7.221939054303101457e-01 9.764836739983995262e-01 4.756457466813325541e-02 9.997001526134140503e-01 2.344554626473664416e-01 9.982785626729085982e-01
2.842612231955691238e-01 8.148690139140914168e-02 9.785961096271466042e-01 8.987615939199407045e-01 5.381971491754762929e-03 9.975692066116434997e-01
3.410847564089898865e-01 4.526224921643747998e-03 9.986054646469929574e-01 9.628059862043817363e-01 1.263725079626518968e-04 9.988330294064544645e-01
6.230338713082856916e-01 9.118196040187288576e-01 7.310750369699953177e-02 9.719139110369021672e-01 7.971625880660722363e-02 9.702303222369934588e-01
7.333601408645034070e-01 9.367124483937117052e-01 4.853316178412543647e-02 9.979229417688640913e-01 5.184716185113503739e-01 9.998194762738727981e-01
6.192220062083260146e-01 9.514879059605798606e-01 4.542191199196432549e-02 9.997470172627135332e-01 3.214520366267371865e-02 9.692183085171878210e-01
2.941120403559889240e-01 1.688707691622062801e-03 9.806655792144735040e-01 9.986117480706082628e-01 3.728801328690075495e-03 9.991278878539683328e-01
4.913855019321840545e-01 7.674938475185268810e-04 9.793642364657852983e-01 9.971890214561868193e-01 1.011119464619926293e-04 9.985106531141740849e-01
3.878755819499191126e-01 3.210894430937914074e-02 9.416600594976988203e-01 9.623430757265154512e-01 1.568949565447588530e-04 9.984935937773348202e-01
7.642967473506773191e-01 8.390889525131676185e-01 5.598997252010261966e-02 9.487498840029388036e-01 5.399683204329954744e-01 9.998194762738727981e-01
8.377979935963028590e-02 7.239384445554319925e-01 7.247784653005187039e-01 3.791628643560137069e-01 2.586042470860062947e-03 9.995456308747224794e-01
3.949628370805401967e-01 3.508813932000328858e-03 9.790599965815247607e-01 9.987289459934601821e-01 1.217811984682891173e-04 9.978458565577023043e-01
3.532411568342063712e-01 1.625866062940314535e-03 9.695258281804943756e-01 9.628267385824688107e-01 1.263725079626518968e-04 9.988723507821927194e-01
6.292765915216522732e-01 3.428239917321046493e-01 6.854980298451690546e-01 9.997820892922032465e-01 3.112371070358299630e-02 9.987479909429720637e-01
6.783266597325106062e-01 9.243301030382561345e-01 4.850401231995837836e-02 9.951122945696456723e-01 2.162323802867784361e-01 9.976167219559104460e-01
6.450153578162274304e-01 9.750338239054507916e-01 3.872828716849374686e-02 9.987608322516710047e-01 2.351288712304610840e-01 9.978277434452059724e-01
4.535127866608592573e-01 1.476878136172992198e-02 9.986054646469929574e-01 9.948166879292722475e-01 1.263725079626518968e-04 9.988407571658517448e-01
1.024249921426743648e-01 7.237373501978637824e-01 8.009455873892107336e-01 5.201910309388463327e-01 2.786082648867179226e-03 9.999201204979863977e-01
4.619863531489687425e-01 1.468476794047219799e-02 9.840402287784073554e-01 9.894455073314277760e-01 6.503485620200713524e-04 9.991266275013048759e-01
6.831398660986519600e-01 9.243301030382561345e-01 9.084549030815297632e-02 9.987395643037216830e-01 9.316755643501012374e-04 9.981277713493430515e-01
7.273378528200674653e-01 9.380159729444000893e-01 1.949784186425769159e-02 9.983085325103117080e-01 3.802897329592852538e-01 9.846436387569962312e-01
6.471243937302616489e-01 8.598296374202615278e-01 4.606174839645782448e-02 9.983085325103117080e-01 8.305241578625360832e-02 9.978277434452059724e-01
6.159570092490195270e-01 9.243301030382561345e-01 9.110249204116033228e-02 9.987395643037216830e-01 9.316755643501012374e-04 9.981277713493430515e-01
4.839253304229841346e-01 2.206185270250260455e-02 9.765018159554504917e-01 9.987289459934601821e-01 9.804945496504433727e-04 9.985177555860788035e-01
7.274362170438452013e-01 8.916910377190633286e-01 1.939512802712639594e-02 9.983085325103117080e-01 7.410687154474768223e-02 9.846436387569962312e-01
4.236851133283842663e-01 7.674938475185268810e-04 9.793642364657852983e-01 9.971890214561868193e-01 1.011119464619926293e-04 9.985106531141740849e-01
4.258866082063831326e-01 7.674938475185268810e-04 9.775820463307592911e-01 9.975003013413034081e-01 5.745743565975645895e-03 9.985106531141740849e-01
6.246845362426244330e-01 3.113160177296426800e-01 6.577769987229830084e-01 9.974094945484562880e-01 3.337940524603155712e-02 9.988438027039259204e-01
7.179200481144608625e-01 9.765651137797569659e-01 3.398217345163137559e-02 9.987522060078080077e-01 3.023891672651631279e-01 9.844759386161830994e-01
9.327121063658389000e-02 7.239384445554319925e-01 8.103349735872892312e-01 4.411195917249802201e-01 5.734752013738319588e-03 9.999421111787922811e-01
1.344804375018975873e-01 7.197240600543772793e-01 7.893318884520137413e-01 5.406040172521756615e-01 9.457389490193299220e-03 9.978547931378243252e-01
3.044109707932977082e-01 5.945876943485174648e-02 9.797686134075368480e-01 8.987615939199407045e-01 6.668223445675469652e-03 9.975692066116434997e-01
6.023332639187128912e-01 9.242063707634807779e-01 5.247814648056355058e-02 9.993523675085584923e-01 8.845782919331746964e-04 9.974682345534267025e-01
6.170897512276396490e-01 9.134874873030671694e-01 4.693696092557936295e-02 9.907209135896435370e-01 2.136420510811509743e-01 9.979002617129691943e-01
5.394974669335205197e-01 4.523759825198692824e-03 9.958516228333951226e-01 9.986047749520432504e-01 5.817119787186186830e-04 9.985498157824445054e-01
5.364678230110591084e-01 2.099526485942471155e-03 9.958516228333951226e-01 9.986047749520432504e-01 5.817119787186186830e-04 9.847049131442294767e-01
7.273592866774746257e-01 9.370225541333976338e-01 1.858747437916143802e-02 9.979401154499775162e-01 5.896089352988204135e-02 9.846436387569962312e-01
