4.919398147120389829e-05 4.249869192810211693e-01 3.427853564674831488e-01 2.817501761948011385e-01 1.705114301763454021e-01 2.986525942526552235e-01
1.977769296673879129e-01 1.109768549318196004e-02 5.820561527498616539e-04 1.338901715906880632e-04 2.302437160364656510e-03 2.607030666742725031e-03
1.181802092900119117e-01 1.109856634243298369e-02 8.593458469813991529e-05 1.338901715906880632e-04 2.268263375131017792e-03 2.607030666742725031e-03
1.706637410521783804e-01 1.221578392160964713e-02 7.393654066407745994e-03 2.982772950269631067e-03 2.646074398786587081e-04 3.071621907414336453e-03
1.406005922609178671e-01 1.288385784653159338e-02 7.599035474823270624e-03 1.457375805093696908e-04 4.179497672675433484e-03 2.600759023893109076e-03
4.334744027588194500e-05 1.835763848437776402e-01 2.256787619783243160e-02 2.484801444654999043e-03 5.510608807126459591e-04 2.009441355606486623e-02
1.487321087248593132e-01 1.109111351780554984e-02 1.008196118460131293e-05 1.451381475726228824e-04 2.291706378588500084e-03 1.351519300180109313e-03
5.989971595203502641e-02 1.221577657201695574e-02 7.274969475382192866e-03 4.010364481688698246e-03 2.197170221622129528e-04 9.898650890257116447e-04
1.347825827368862500e-05 4.416973331798683677e-01 2.983518161356112919e-01 2.592275423472182316e-01 1.657116924053244067e-01 2.564693829616221388e-01
1.821793539276417295e-05 3.147799915635393075e-01 2.123641067817458143e-04 1.335785519324600228e-04 1.062361706311122991e-02 5.039124361529112930e-03
7.726644338782271565e-05 3.489500917162327576e-01 2.555199895359315798e-01 1.400533962624576634e-01 1.447086861510132050e-01 2.013313923215546697e-01
1.255756875847198223e-05 4.220424262333573595e-01 2.461226129384730954e-01 1.310451885220558221e-01 1.656191178989927792e-01 2.363206940297689906e-01
1.716088174295967439e-01 1.107215707220325467e-02 7.031483888373493739e-04 1.450485692815287075e-04 9.433248945916962794e-03 1.991171602063616757e-03
6.918641388647811530e-02 8.317004713517919465e-03 1.315057107884390342e-05 1.391837681475271765e-03 8.229088939703550071e-04 2.600102462695835608e-03
9.210138485556322585e-02 1.113697371209838513e-02 5.866234407750847094e-04 1.355276252939144332e-03 8.193419091106018959e-03 1.930372190497503266e-03
1.875344250009425007e-01 1.212819858493758424e-02 9.342683319232517221e-04 1.365825857882673518e-03 8.008747106417940520e-03 1.820392538902385711e-03
2.045079426597957994e-02 1.116631099201214478e-02 1.475768326743885986e-04 1.338901715906880632e-04 2.291706378588500084e-03 6.266403769098522099e-04
4.416208131665758790e-02 1.119921259753974170e-02 7.599035474823270624e-03 1.344896045274348716e-04 7.060074476127220500e-03 2.600759023893109076e-03
3.736821424407035103e-03 1.107969109638716823e-02 2.024656586958450272e-05 2.085477886967627460e-04 2.291706378588500084e-03 1.973371051948699922e-03
1.821793539276417295e-05 1.252993725174643136e-01 5.355335466534154321e-03 8.845237520100680557e-05 3.085414745085633247e-03 5.039124361529112930e-03
1.288856904040992167e-07 3.914226872508638211e-01 2.975853520901738380e-01 1.848064521357075107e-01 1.657116924053244067e-01 2.362141001242560046e-01
4.558395136635820521e-02 1.080639417816006871e-02 7.393654066407745994e-03 4.226597191717139032e-03 2.671333025827081487e-04 1.821130012027284781e-03
7.110864985900266751e-06 3.129919741933113730e-01 1.485737958643568724e-01 1.361070545448219704e-01 8.250079066900620206e-02 1.333101528975315642e-01
3.625998983817334416e-04 3.479204180270047964e-01 2.036129698381635711e-01 4.580647463653456097e-03 8.588449378747327334e-02 4.495588901095620010e-02
1.111502942420237450e-01 1.189727745569753650e-02 1.480981044443808146e-07 1.150380917078219246e-04 2.291706378588500084e-03 2.005515069436747400e-03
9.848493312677193690e-02 1.109431208849460254e-02 1.783508084864884489e-04 1.334059579334212617e-03 5.694430012269888555e-03 1.912510012122597709e-03
7.110864985900266751e-06 3.129919741933113730e-01 1.485737958643568724e-01 1.361070545448219704e-01 8.250079066900620206e-02 9.882771653926913924e-02
7.615376454303696694e-05 2.988532387858852113e-01 8.362897804819388603e-02 7.435599861847320274e-03 3.067790508381219167e-02 4.185776649732374927e-02
1.002944664386710115e-04 3.425916073103877357e-01 1.122248564666659953e-01 2.199886395452836998e-02 6.259105926560734612e-02 2.022768323835485993e-02
4.816929655156905330e-05 3.463373859328147675e-01 2.461226129384730954e-01 1.310451885220558221e-01 5.193326058115475818e-02 1.932110485778626152e-01
1.771556875749570603e-02 1.287173418261654614e-02 2.024656586958450272e-05 1.344989062594877680e-04 2.376429109674050005e-03 6.444516891743021399e-04
7.918680082016033017e-02 6.373928108207860266e-03 2.789063346425348089e-04 6.724950770320292301e-03 2.291706378588500084e-03 8.014060960135497083e-04
1.821793539276417295e-05 3.147799915635393075e-01 6.742571470713565329e-02 1.271702580559933016e-03 1.031010948352320544e-02 5.537735658749562070e-03
1.491512780912041263e-06 3.724476088470212720e-01 2.478158359670373512e-01 1.310451885220558221e-01 5.795414266502972589e-02 1.943936510834669562e-01
2.301631708976262084e-05 3.655088339242630324e-01 1.880762820038767713e-01 1.373410049832557434e-01 5.253943167395822011e-02 1.272539935925488808e-01
8.076993600454851182e-06 3.138244896994324407e-01 1.870422305703341448e-01 1.380522741740476400e-01 9.768687205345383262e-02 1.333101528975315642e-01
1.889724057276951086e-01 8.457196072320182986e-03 7.393654066407745994e-03 4.001008736578170327e-03 2.671333025827081487e-04 1.818495853750897503e-03
1.288856904040992167e-07 4.222829611558405194e-01 2.975853520901738380e-01 1.848064521357075107e-01 1.657116924053244067e-01 2.362141001242560046e-01
9.265218799478237280e-06 3.118681132369136577e-01 1.943905705003541318e-01 7.757456016447825120e-03 5.278614846474123656e-02 4.495588901095620010e-02
2.082365885701793241e-03 6.871440121905124376e-02 1.117568835011257394e-05 1.558043460787435393e-03 1.953663878879538171e-03 9.157898327832385624e-03
1.255756875847198223e-05 4.220424262333573595e-01 2.461226129384730954e-01 1.318776700961106774e-01 1.656191178989927792e-01 2.373517789614236762e-01
9.688986048282110532e-05 3.129029210862166455e-01 1.122248564666659953e-01 2.199886395452836998e-02 6.259105926560734612e-02 2.230462942442488355e-02
4.819576088795547470e-05 3.489500917162327576e-01 2.461226129384730954e-01 1.310451885220558221e-01 8.676129445185748468e-02 2.363206940297689906e-01
4.452944224974471257e-06 1.089224580083857502e-01 2.267237122794538151e-02 2.325931239704417171e-03 5.276526413477822947e-02 1.949566070301939069e-02
7.918680082016033017e-02 6.460548003902442590e-03 2.789063346425348089e-04 6.707734773737316324e-03 2.291706378588500084e-03 2.709727427567669086e-03
6.960444374274110576e-06 3.116211498642618150e-01 2.917338531512342348e-01 1.361070545448219704e-01 1.010752148500661529e-01 9.876253634146535398e-02
1.314165904365978242e-05 4.462173398458568752e-01 2.983518161356112919e-01 1.952627385162959417e-01 1.657116924053244067e-01 2.564693829616221388e-01
1.821793539276417295e-05 3.147799915635393075e-01 5.355335466534154321e-03 1.166585789079513684e-04 1.062361706311122991e-02 5.039124361529112930e-03
2.141871698164286852e-03 5.499784695531226286e-02 5.828618133714713601e-04 1.541627112123078458e-03 7.463396105744493636e-03 6.093740633302535681e-03
1.437882911688891374e-01 8.985239652525765092e-03 7.599035474823270624e-03 1.451288458405699860e-04 3.174765358001426646e-04 2.600759023893109076e-03
