2.549949530697955824e-01 4.557148526025248982e-03 1.050713311417118649e-03 2.188947832707112580e-03 5.233110445402725978e-05 9.923049961119145834e-04
1.301760589290391066e-05 3.521257856763417848e-01 3.502154621112671951e-01 1.379010582711377997e-01 1.569301783304882791e-01 1.795057805164611553e-01
2.328620053253339650e-01 4.291144682732471460e-03 1.059662714407516061e-03 2.153903201342326473e-03 1.255935074563456445e-03 1.574128862214294045e-03
2.039006870844930486e-01 2.852698447890483248e-03 1.059662714407516061e-03 1.433717971836287811e-04 1.250258971455263639e-03 4.090801284041458569e-05
1.225206253359343994e-01 3.976186629344814587e-03 4.334372838033740891e-04 1.210480427680494207e-04 2.378573507507616156e-04 3.816333792735641982e-05
1.458169664720204983e-01 2.369140844545913286e-03 1.050713311417118649e-03 1.320428286609857602e-03 3.601784737850487542e-03 8.144229434471374901e-03
1.971300629452783212e-05 3.674292739554976261e-01 3.141088117390019030e-01 1.379300793754314747e-01 1.269544767229657811e-01 1.305607605538692262e-01
1.215335488623346541e-04 2.722609432996844214e-01 2.483767851713331309e-01 1.346474646462166632e-03 5.133168936905081747e-02 2.999526043459543878e-04
1.954983061386563747e-01 2.095966133169237244e-03 3.804613015583958695e-03 1.436019052358210833e-03 1.931834921613201448e-04 9.128694263348842430e-04
6.680486447176170461e-05 1.005213372021044327e-01 5.783860493106107725e-02 4.038789534490851846e-04 1.110845640019694595e-02 3.260586631019390946e-02
2.087888516098870817e-05 3.304254665881918296e-01 2.712414291844356673e-01 1.283349219854841849e-01 1.205684137748180146e-01 1.358933159554687742e-01
2.473097085653058747e-01 4.291144682732471460e-03 1.059662714407516061e-03 2.153903201342326473e-03 1.255935074563456445e-03 1.568705308181486289e-03
6.073049428820988661e-07 2.988202451328820786e-01 1.349884707513465398e-01 8.783794165308124111e-03 3.227203460477552632e-02 2.430354991837439024e-03
4.324980964777774134e-02 2.848333539548168064e-03 3.434520528788403623e-04 2.276119077178295931e-03 3.788676658011597836e-03 7.730415080812319539e-05
3.330728537555976976e-05 4.675044000647486653e-02 4.164925734849521388e-03 4.685576755222916646e-03 3.177523357492834100e-02 6.361928595392168928e-02
3.146940880610678976e-02 2.317840951863284205e-03 4.488465967677057918e-03 1.336663866927586012e-03 1.746583026113816307e-03 9.098109103305528468e-04
1.646685941618134530e-01 4.064637787071377975e-03 9.366200245469469277e-04 1.331957955759980857e-03 3.733658426415450201e-03 6.175513921764259201e-04
3.579221673099819423e-04 4.291144682732471460e-03 3.896346594727463641e-03 2.153903201342326473e-03 7.804638998465908417e-02 1.318007072951940875e-03
9.191239307803229222e-06 2.977287941177378383e-01 2.507364993260821073e-01 1.295355501897707262e-01 7.677471956659366603e-02 1.831288475133587001e-02
1.301760589290391066e-05 3.171903797489361576e-01 3.502154621112671951e-01 1.379010582711377997e-01 1.569301783304882791e-01 1.795057805164611553e-01
9.632408653405259702e-02 1.366148362637044367e-02 1.026607725065643070e-03 1.287060027181811950e-03 1.917221145959786995e-03 1.305088221312114289e-03
1.813712426247273690e-01 4.064669145071199766e-03 4.988748574245987014e-03 1.388043246350156032e-03 1.393275836820465595e-03 6.232855963302548659e-03
1.535907826144216060e-01 4.291144682732471460e-03 3.896346594727463641e-03 2.153903201342326473e-03 1.255935074563456445e-03 1.568705308181486289e-03
1.606199065508351071e-04 2.222131280423737532e-01 2.860623783698071354e-03 2.096448769145869279e-03 4.355746540989990402e-03 8.449970694414324010e-03
1.666999259657863308e-05 3.181677034080223621e-01 2.483931660536238539e-01 1.524649781799536016e-02 8.688978207183936653e-02 6.182789090199948545e-02
1.813712426247273690e-01 4.064669145071199766e-03 7.144395185621193328e-04 3.060351297313369670e-04 1.393275836820465595e-03 1.009772600608953340e-03
1.032006080466423142e-01 3.979626249243860790e-03 1.130913084862543308e-03 1.336663866927586012e-03 4.563549348492666226e-03 5.199497257457261212e-05
1.614028840640111765e-04 2.222131280423737532e-01 1.227465683042798517e-01 6.362124996736862048e-02 4.381381953449274558e-03 2.127775026693865153e-04
1.971300629452783212e-05 2.977287941177378383e-01 2.507364993260821073e-01 1.250390513063692755e-04 7.677471956659366603e-02 1.311331190848188596e-03
2.087888516098870817e-05 3.040829184331543256e-01 2.473391442051187661e-01 1.314841884606408051e-01 1.200110605028948119e-01 2.419148367677622508e-02
6.624026712132835559e-02 2.588855711879091415e-03 2.422421641397824298e-03 2.181649050342132721e-03 4.017833656210848849e-03 4.486076077497274522e-03
2.087888516098870817e-05 3.090735901210518444e-01 2.473873948461082217e-01 1.314841884606408051e-01 1.200110605028948119e-01 1.286208721211072048e-01
8.600640907748009767e-02 3.979626249243860790e-03 1.014089648286249038e-03 1.336663866927586012e-03 9.496025856269171839e-03 4.062233792704835963e-03
1.824175889365611792e-05 2.356963554911058190e-01 1.932350624255613769e-01 9.100414025922197794e-03 4.662376856544923724e-04 2.034900316220367850e-02
7.095515162746757198e-02 2.510681001313049346e-03 2.422421641397824298e-03 2.180369177256708153e-03 3.820736483845225961e-03 3.506204115360806589e-06
1.120188247047088498e-01 4.054971096260407727e-03 1.050713311417118649e-03 1.673496526424899343e-03 8.664747343158443488e-05 2.910596957943910497e-04
9.366227472985128033e-05 2.317840951863284205e-03 4.849756455706299291e-03 3.712931817170841671e-04 1.135789147339282164e-02 9.098109103305528468e-04
1.971300629452783212e-05 2.976426798214686920e-01 2.507859676426790752e-01 1.295355501897707262e-01 7.737343701781186633e-02 1.305607605538692262e-01
1.666999259657863308e-05 2.989099612189171640e-01 2.482734518384016598e-01 1.594389247621978006e-02 7.787050131615304294e-02 5.138759832140185613e-02
1.615643811452235901e-01 4.064669145071199766e-03 1.065971670767050820e-03 1.388043246350156032e-03 3.760754017118468802e-03 2.229555532627939185e-04
1.584585565595960375e-04 2.167265942160608583e-01 4.031019138056128603e-02 7.148047135881107836e-03 2.296330813182285990e-02 1.841240140241401368e-02
5.638766510276342625e-02 4.294056226424471275e-03 1.376214833543621015e-03 2.156959429847085837e-03 5.227740078118502803e-04 7.582323925779892171e-03
1.606199065508351071e-04 2.166411834620997068e-01 1.227465683042798517e-01 1.406768254173032702e-02 4.964818721267388879e-04 3.463615679566024036e-02
1.666999259657863308e-05 2.989099612189171640e-01 2.482734518384016598e-01 1.436658139413421464e-01 1.214725986966847110e-01 5.138759832140185613e-02
1.912847939874311176e-02 2.535946624384617654e-03 2.620329606299493484e-03 2.306070162823071774e-03 8.023943001750008519e-05 7.730415080812319539e-05
1.215335488623346541e-04 2.598561762736928404e-01 4.912656003551137129e-02 1.124800940727051831e-03 1.111534406368974021e-02 2.999526043459543878e-04
1.666999259657863308e-05 2.989099612189171640e-01 2.482734518384016598e-01 1.683042858775105066e-02 8.630446589794951717e-02 6.860712893031497422e-03
1.912847939874311176e-02 2.535946624384617654e-03 2.620329606299493484e-03 2.276119077178295931e-03 3.788676658011597836e-03 7.730415080812319539e-05
6.609737033667409216e-03 4.039538228642135242e-03 6.001670610675247097e-05 4.583941109260296354e-04 3.760754017118468802e-03 1.769542949676521050e-03
8.642633885723143006e-02 3.979626249243860790e-03 1.014089648286249038e-03 1.336663866927586012e-03 9.496025856269171839e-03 4.062233792704835963e-03
