2.495560959301795223e-01 6.838460652832975377e-04 2.277872163660814298e-03 3.380830661591510016e-04 8.868715467164317969e-04 4.562991156841734661e-04
3.087746154320397435e-05 4.163640869480577655e-01 3.330618751637084429e-01 1.409085374366039478e-01 1.885592290693391404e-01 1.888444786910548900e-01
2.495560959301795223e-01 3.851192301290844947e-03 2.277872163660814298e-03 3.075210131388509001e-04 6.511475011735862791e-04 9.338110340973751998e-04
2.110023024881536591e-01 2.082287314334493704e-05 4.173406507838193970e-04 4.432681591228740826e-04 8.172003577172183911e-04 2.766931256995178536e-04
1.998483006039400156e-01 3.950239154391267486e-03 3.932963103697529120e-04 3.316722940363714010e-04 2.144399948473899205e-03 2.657998342994013683e-04
6.916098737913947692e-02 1.081939349504805817e-02 3.506508102484672419e-03 4.445389928159316443e-04 6.948715416918193818e-03 3.125540834213215435e-03
1.119348340221557742e-01 2.771827656772203607e-04 1.761949805494349565e-04 4.416766478796434387e-04 2.837868618996289890e-03 2.760954957714599825e-04
1.600025116682103621e-02 9.132323818390825076e-03 1.740548665233048625e-04 1.513226870236646093e-03 2.288315639201981243e-03 6.057651989764178437e-03
1.476643226358959060e-03 2.879923281457662677e-03 2.657827269677265347e-02 3.771837228617555549e-03 9.596579729168053241e-04 7.242111919039131984e-03
4.178689848701299531e-02 6.861114647506336931e-04 7.327967935672798907e-04 2.765740347220760971e-04 2.615714357770294179e-04 2.417104718503027688e-03
2.294883100811222193e-05 4.035766499395740392e-01 2.038171894313674515e-01 1.409085374366039478e-01 1.297228601934181658e-01 1.154732448122773036e-01
1.786632174437048359e-01 4.306744891114950430e-04 1.915387416552636734e-04 4.907736322667689008e-04 7.683280435658544627e-05 3.138074573902829151e-03
7.993098191603309477e-02 2.571281188297021986e-03 4.086208963639012363e-05 3.352339794800130411e-04 4.792657895855449365e-04 2.337209405303063495e-03
1.319569068796795641e-01 1.019739430286355393e-02 1.652998744580630799e-03 3.771453363696779422e-04 2.804825490776115000e-03 2.760954957714599825e-04
2.961032265810473890e-05 3.906936171643838884e-01 2.698484728183649928e-01 1.292150333661125361e-01 1.104027464862979702e-01 1.944700119298604923e-01
9.966240306840193353e-04 2.369910437198133046e-01 1.035472340724435947e-01 3.058820336571647577e-03 7.124764763706384341e-02 6.457186559176392171e-02
9.741631561194780803e-06 3.214607937044894892e-01 2.216926492380393021e-01 9.468699959043834491e-02 1.105311871182597383e-01 1.940362605933668438e-01
1.488174675821116177e-01 6.393833769831136580e-04 1.740548665233048625e-04 3.783439118338139187e-04 2.288315639201981243e-03 4.159135934988851969e-04
1.307394936580658648e-04 2.358979795840671079e-01 8.666587179049109468e-02 4.607056078293513598e-04 1.037372957703283638e-02 1.348480569563226608e-02
1.766025583098126755e-05 3.167315933961708518e-01 3.162841739024307985e-02 3.036161365770785082e-03 7.569790690446537296e-02 7.610662346138193091e-02
1.680654142548631547e-01 2.508883830684829029e-03 1.912156034954082739e-04 6.018038293436804662e-04 7.117446532999291767e-03 3.138074573902829151e-03
1.335616430746016658e-01 6.861114647506336931e-04 1.740548665233048625e-04 3.783439118338139187e-04 8.953164225392498503e-04 2.385603755880402570e-03
9.848451060848097127e-02 2.721941075419614638e-04 6.594199436538375134e-03 4.398005171865452829e-04 3.041498098319144611e-03 8.847877447421782435e-04
9.966240306840193353e-04 2.369910437198133046e-01 1.035472340724435947e-01 3.058820336571647577e-03 7.124764763706384341e-02 4.795674032687533006e-03
2.269621649761139736e-05 3.216866575232434911e-01 1.773455954907098286e-01 1.838012174245137395e-03 4.658983381149774117e-02 1.136158812672366097e-01
1.474005060500695836e-05 1.766615672986694419e-01 8.561768639039354922e-02 4.997823894109811559e-04 3.382116537765928604e-02 2.198314817107120331e-02
2.941033151402329261e-05 3.720614312561476567e-01 1.822175072717007183e-01 6.516203203866345606e-03 6.326212792852664579e-02 1.468841366720029518e-01
6.006390103713610306e-04 1.305322700745890352e-01 3.192084619048524141e-02 6.287956270468260563e-04 1.217265310866360445e-02 8.500492925961250501e-02
1.483956789320964587e-01 6.393833769831136580e-04 1.740548665233048625e-04 3.783439118338139187e-04 2.288315639201981243e-03 2.371888513143969538e-04
3.007604747752248451e-05 3.085080067192078612e-01 1.889017056464161182e-01 2.267160543536754155e-02 3.588215409935667510e-03 6.053591104621898478e-03
6.006390103713610306e-04 1.305322700745890352e-01 3.518971744064456827e-03 5.988191830506104773e-04 2.399201107308557984e-02 3.124099022491059335e-03
2.961032265810473890e-05 4.240649635633599313e-01 3.131587286905557210e-01 1.308817961536549168e-01 1.551035982821642178e-01 1.944700119298604923e-01
2.961032265810473890e-05 3.327620377999213619e-01 3.131587286905557210e-01 1.730988025197195690e-01 1.569489600173711863e-01 1.957480836600549168e-01
4.109971232480420095e-02 2.721941075419614638e-04 7.928374890469993067e-04 4.398005171865452829e-04 3.041498098319144611e-03 9.411188056203211158e-04
3.000545791031251908e-02 3.849373454752081161e-03 8.650699113368419228e-04 2.751760037019998842e-04 3.016790338485605613e-02 1.396731106804869216e-03
1.073759866317724465e-01 2.721941075419614638e-04 6.594199436538375134e-03 4.398005171865452829e-04 3.041498098319144611e-03 8.847877447421782435e-04
2.087683598941125762e-04 8.355720285586989982e-02 1.505641161652364075e-03 4.762595693704769085e-04 3.827436173332225341e-03 1.234327072302918160e-02
7.143683384062437096e-06 4.036027155465301552e-01 3.093383079565131255e-01 1.409622696048631885e-01 1.153569393948983279e-01 1.940362144512013387e-01
2.303389718161967794e-05 3.216866575232434911e-01 1.433758066682999655e-01 1.467297938845316813e-03 4.567460994043211903e-02 1.030168262931434597e-01
3.719251996489564283e-03 8.355720285586989982e-02 1.505641161652364075e-03 4.762595693704769085e-04 2.773329570555163603e-03 1.192865891265685457e-02
6.181873385958567245e-05 1.915974687337984039e-01 2.164135453357429045e-03 4.522692131518456097e-04 1.293503693822178197e-03 5.141942267625117247e-02
2.110023024881536591e-01 2.595697359223717287e-04 6.193004700113802219e-03 4.415733323919292025e-04 8.172003577172183911e-04 2.760954957714599825e-04
3.007604747752248451e-05 2.930558545976066354e-01 1.889017056464161182e-01 2.267160543536754155e-02 8.460006243868639642e-02 6.053591104621898478e-03
1.682072017865421376e-01 2.461393406237812574e-03 2.308587354678949370e-04 3.331140115963455973e-04 2.147281782232974157e-03 8.880221468265427076e-05
1.786632174437048359e-01 4.306744891114950430e-04 1.915387416552636734e-04 6.000957222363790264e-04 7.147344190689302809e-03 3.138074573902829151e-03
3.007604747752248451e-05 3.162133907868672211e-01 1.889017056464161182e-01 3.256633626225823724e-02 8.647693406896056478e-02 1.148764431849983170e-01
3.007604747752248451e-05 3.162133907868672211e-01 1.889017056464161182e-01 2.267160543536754155e-02 8.788579723463835203e-02 1.149814323147473061e-01
9.113479853777946128e-06 3.175839583368502139e-01 2.041045899327680324e-01 1.014084726409072434e-01 1.104647847691155038e-01 1.111054655775114142e-01
6.006390103713610306e-04 1.305322700745890352e-01 2.384265397601752733e-04 6.031906661378279256e-04 2.399201107308557984e-02 2.906905599340871629e-03
7.531384138561127151e-02 2.590716607650122780e-03 1.734558048874848806e-04 2.264773461482577285e-05 2.899553951439188745e-03 6.891483945031251501e-04
