8.600860440698742115e-01 7.287984232323340642e-04 8.729385488814834781e-01 2.477679184053708794e-01 1.046981631818194591e-01 9.644780816964693138e-02
2.911149450109479231e-03 1.727471497052157356e-01 8.109441834841153440e-01 8.544771229921354072e-01 1.368393824129936487e-01 9.074772412642880814e-01
8.610621406719065618e-02 5.912054347802675469e-03 5.714333897923721262e-01 2.847351148579225222e-01 4.247648208340918385e-01 9.868573671935977343e-01
7.490064522042628736e-01 3.205608538869830770e-02 8.516998731035412273e-01 9.174887090984788773e-03 4.368949412838951663e-02 1.513354257410973736e-01
7.217590267151779981e-01 8.806392804863970303e-04 6.967555110397563034e-01 2.050135038648544794e-01 1.164454210606394591e-01 7.886908158753624942e-01
4.985272616374651911e-01 3.128478317792384713e-04 1.945029890440972131e-01 5.706845033684751489e-03 6.411409007332007359e-01 9.898141900353274458e-01
1.802621236452808806e-02 3.250958524457669974e-03 8.725209681289433084e-01 5.700499817225433974e-01 1.168313762080233353e-01 9.025942888758370364e-01
8.178886498072515110e-01 5.885866278935811963e-04 9.123528719475588744e-01 1.077483668326464222e-01 7.126998734376517597e-02 2.515837728162170217e-01
3.735256997597629636e-01 5.796249543214089250e-01 1.443891909638254922e-01 4.000592837292982207e-05 8.112307527093424175e-01 9.857469262108581320e-01
4.463059015311237054e-01 5.895187191904962543e-01 1.645174033518390921e-01 1.308038497346425931e-02 9.492024003742434157e-01 9.717040369900390440e-01
2.677993033573483617e-01 8.264749914634433869e-01 1.637621624656915575e-01 1.026063790186932528e-02 9.314088288304929186e-01 9.151659702380667838e-01
3.019584060941207793e-01 8.970768982482069109e-01 2.259417390656209834e-02 1.795815889747137163e-03 9.254435128385705145e-01 9.150831146218233458e-01
6.513986848773539728e-01 1.306275532429860588e-04 2.243356160368477070e-01 2.195461239781534568e-01 1.380495612411628548e-01 8.989438532704885354e-01
7.217590267151779981e-01 8.806392804863970303e-04 6.967555110397563034e-01 3.029840025569607853e-03 1.340619499416232929e-01 7.946237142094816353e-01
4.211904068543295687e-01 1.707346674945448561e-01 1.991403393759865192e-01 4.122463110770936690e-02 6.923177516796404918e-01 9.719888463209203078e-01
6.871597778332507733e-01 5.227416266765725315e-03 6.536674441901891841e-01 8.539017148502109356e-04 1.270841895078158590e-01 8.254388905758553996e-01
3.395713488775159439e-01 5.805740414930682380e-01 1.638781038678089330e-01 6.353929645180361740e-03 7.429261229491050944e-01 9.998103523630781364e-01
5.057238549740711298e-01 3.685869116694756001e-04 9.660293915420307964e-02 8.400752490191054633e-02 4.055914599261706832e-01 9.888447688327819396e-01
1.246560746867488023e-01 6.849421632799981285e-01 2.111550184618014026e-01 2.230663111724627556e-01 5.943094286683948679e-01 9.871170212586669601e-01
5.433599174772180129e-01 4.081548992911751550e-02 1.955980844518644679e-01 3.510267770164787748e-02 4.054772139556376831e-01 9.479487377058405384e-01
8.229626907251522683e-01 4.333672728903170679e-03 9.068872261136287083e-01 2.114110117114482157e-01 1.285458922621114941e-01 1.870109389910232789e-01
5.491906921003586461e-01 2.706151390912119037e-02 1.835613555960924625e-01 3.981026197699305200e-03 7.195396305324802677e-01 9.547483326299764927e-01
1.698712773461923953e-01 6.920168362591491151e-01 2.072565097720901472e-01 9.713293297014749528e-02 7.211708694489601390e-01 9.551316242991430006e-01
5.785659204461346405e-01 3.687414851177396114e-04 8.402368169622928540e-02 3.744692818271716517e-02 4.463853315424531898e-01 9.618159833580540719e-01
3.732353710459409071e-03 1.727471497052157356e-01 8.978190131375698435e-01 3.705287346733926457e-01 1.066036500543123683e-01 9.802364152277794895e-01
2.911149450109479231e-03 4.503810977273509097e-03 9.091160581943625862e-01 7.373137927526606239e-01 1.238373668431669156e-01 8.993158264512046696e-01
6.778796505992358556e-02 3.250738966921565276e-02 9.091160581943625862e-01 7.492123500612060116e-01 1.084594207347913120e-01 9.798982894251023756e-01
6.685018459170806449e-03 1.558753266845451235e-01 5.714333897923721262e-01 2.847351148579225222e-01 4.247648208340918385e-01 9.868573671935977343e-01
8.178886498072515110e-01 5.833277120043065325e-03 9.311258953995156240e-01 1.935328876433765888e-03 5.744745234297624070e-02 2.515837728162170217e-01
2.205144931067368474e-01 8.976298765159712589e-01 1.717882017230660252e-01 1.026063790186932528e-02 7.824864924086132323e-01 8.947914689946234734e-01
6.918708106232678290e-01 5.275112524029110239e-03 8.977485832767732044e-01 1.255788124006188000e-03 1.543613825461102318e-01 2.017158931329638416e-01
6.457092100476172769e-01 3.671753485623648105e-04 9.660293915420307964e-02 8.400752490191054633e-02 3.992691537082839193e-01 9.621814741657966907e-01
1.698712773461923953e-01 6.920168362591491151e-01 1.462864496878658604e-01 8.066732981313987083e-02 7.972299080895637324e-01 9.551316242991430006e-01
1.193694629804815110e-01 6.849421632799981285e-01 2.111550184618014026e-01 2.187294549042243241e-01 7.430208855458262374e-01 9.996170356881343144e-01
4.473544631142242767e-01 1.665306147491131816e-01 1.564935811982821612e-01 3.253150279696422065e-03 6.944217970374872984e-01 9.141129676975522367e-01
7.209295372477116937e-01 5.299474648952022526e-03 5.524889728573092462e-01 8.078074059151424402e-04 6.347300869714780913e-02 8.905434775972865813e-01
4.617960553670855672e-01 6.853763645571807513e-03 6.819265248071225416e-02 9.530511624605939210e-04 4.343812700328779641e-01 9.764940632313087177e-01
4.617960553670855672e-01 6.853763645571807513e-03 9.131570258592479339e-02 9.530511624605939210e-04 4.343812700328779641e-01 9.764940632313087177e-01
2.329542563577152725e-02 3.270335125374446150e-03 8.734082005309311558e-01 3.705287346733926457e-01 1.066036500543123683e-01 9.796260538135139750e-01
3.395713488775159439e-01 5.734863148755748874e-01 1.638781038678089330e-01 8.401455271842550587e-04 9.990127657041835141e-01 9.721049942551397427e-01
7.566127833543407899e-01 1.009291096853769413e-03 8.727679596801201090e-01 2.510884071816683605e-01 1.302086771090548156e-01 1.804718133252294354e-01
3.737094551399603448e-01 1.665306147491131816e-01 1.564935811982821612e-01 3.253150279696422065e-03 6.944217970374872984e-01 9.955976801972949985e-01
6.513986848773539728e-01 1.306275532429860588e-04 2.302618317064134001e-01 2.195461239781534568e-01 1.173646366414973774e-01 9.970753317366933821e-01
5.724578107375974390e-02 1.100006837917362756e-01 9.105024024013825823e-01 4.919870251646809578e-01 7.419494080662140945e-02 9.520457062796598979e-01
8.610621406719065618e-02 2.021902591236423574e-01 8.901348380259499482e-01 3.380574825213681911e-01 3.798095669393546370e-01 9.803135143808241470e-01
6.513986848773539728e-01 1.306275532429860588e-04 2.158236267474886727e-01 2.300084208710043154e-03 1.380495612411628548e-01 8.989438532704885354e-01
5.724578107375974390e-02 1.100006837917362756e-01 9.105024024013825823e-01 4.919870251646809578e-01 9.682214108934809882e-02 9.520457062796598979e-01
6.035386512847749074e-01 4.840492203661153625e-02 6.819265248071225416e-02 5.706845033684751489e-03 4.379584495631019814e-01 9.900031033667117120e-01
2.205144931067368474e-01 8.339993423303904141e-01 2.153646619016143515e-01 1.026063790186932528e-02 7.824864924086132323e-01 8.947914689946234734e-01
6.078457995844196438e-01 9.796747493767644574e-04 1.703750967736882560e-01 9.107588822139746354e-02 4.047892575874232901e-01 9.774037542163560577e-01
