9.825393119884859860e-01 6.029229386423334835e-01 6.284902596990182833e-01 5.263562189172913408e-01 4.065523739118719337e-01 2.877592997137215503e-01
1.227881133685576609e-01 4.947680195994997865e-01 6.254369130817848399e-01 2.992300140630612115e-01 9.313891758063448378e-01 2.991050461639386815e-01
6.035852935938845754e-01 5.278599227363012236e-01 7.105695055417771133e-01 7.164743401640759624e-01 9.986175224600652989e-01 4.484429035221643156e-01
6.774736353816317447e-01 4.982153985465592738e-01 7.071555756621723532e-01 6.775567668242639119e-01 9.971725260880434094e-01 4.131777954892287275e-01
7.669990947410794124e-01 5.455427181507261913e-01 5.865336440051748257e-01 5.694742573500050087e-01 8.969053303488546680e-01 4.307527556231107724e-01
3.492778608426042597e-01 5.254345002569265066e-01 8.487484186623449611e-01 7.314943427426879863e-01 9.975340005860721115e-01 3.287265404360247834e-01
5.496236757792628547e-01 5.287522718334849436e-01 6.900671137686441581e-01 7.173012618223030268e-01 9.955366776982447208e-01 4.014644441623466120e-01
8.573233007369722714e-01 4.524573530896972007e-01 3.046254319230813357e-01 3.458332050643785904e-01 1.700448162657611784e-01 4.472879144191992951e-01
3.665731801961457093e-01 5.249384766004763225e-01 8.244940290273652383e-01 6.794169483660521536e-01 9.989562626167514114e-01 4.128592712109747098e-01
9.838160137134867034e-01 5.598162511780252482e-01 4.915904242919837408e-01 4.777806390562269190e-01 4.054112497593682085e-01 2.940040493920710873e-01
9.174994410897135966e-01 5.598162511780252482e-01 4.464834277735363344e-01 4.755889967389818063e-01 4.039194955672660847e-01 2.940040493920710873e-01
5.797814272804402425e-01 5.279582301175177461e-01 7.483229977225027696e-01 6.357111423366905711e-01 9.971779261102414749e-01 4.467718804376584196e-01
8.576636861023946290e-01 4.524573530896972007e-01 3.046254319230813357e-01 3.458332050643785904e-01 2.302678819906357754e-02 4.472879144191992951e-01
3.061913918809091584e-01 4.957667067926030957e-01 7.339537133878643038e-01 7.726463936978883451e-01 9.979501302690115816e-01 3.440726711003323501e-01
3.873882008322037107e-01 5.145007511890826724e-01 8.008659077588291542e-01 7.015784732721442873e-01 9.981772884367003940e-01 4.179920578503696915e-01
4.252033040694075949e-01 5.031427110375674694e-01 8.272925676219754498e-01 7.670920204402476017e-01 9.952120387761645981e-01 4.646321976229950135e-01
3.061913918809091584e-01 4.959868531255852697e-01 7.339537133878643038e-01 5.478618673655171190e-01 9.979452112086401039e-01 3.002291059382126148e-01
8.936427304707061925e-01 5.497043279470270605e-01 4.443268137070578994e-01 3.582385616341878798e-01 2.336749618636261849e-01 3.942979842686928915e-01
7.669990947410794124e-01 5.452255283827871502e-01 6.433665357018556463e-01 5.582806685099981348e-01 9.625609082424071428e-01 4.206727050388801015e-01
2.561448948679165838e-01 5.272073317688279470e-01 7.345697777889416136e-01 6.494290669577644781e-01 9.986221105168581191e-01 3.196661001517407952e-01
9.186250147616427109e-01 5.591163081007620717e-01 4.915904242919837408e-01 4.777806390562269190e-01 2.315396298640552408e-01 2.984650021764532202e-01
1.861763226601352850e-01 4.935620753667511185e-01 6.999259791738194902e-01 5.326619317050477198e-01 9.933859153039688028e-01 2.523761199319254356e-01
5.174720213111071443e-01 5.283020251974300807e-01 7.483229977225027696e-01 7.302707858705020927e-01 9.971779261102414749e-01 4.174866824383485220e-01
6.821278591358821419e-01 5.682728348744386926e-01 6.405505473998935884e-01 7.127255474826686976e-01 9.670532894075942743e-01 4.206709233670005155e-01
4.402471638753461258e-01 5.242978082698855902e-01 7.483229977225027696e-01 7.302707858705020927e-01 9.971779261102414749e-01 4.137555494840762238e-01
1.668493060893944391e-01 5.458509719187881748e-01 6.777221849244482454e-01 3.737013808700793138e-01 9.687387839944784362e-01 3.044146513043023972e-01
6.999073774801960468e-01 5.429348598602928844e-01 6.466540802161939716e-01 6.144432575791298756e-01 9.769305134685660752e-01 4.141610815132537593e-01
2.180464490426721191e-01 5.242941706633219567e-01 7.682706886440033855e-01 5.309015097911122805e-01 9.936272814244891949e-01 3.619889232826979386e-01
4.039755645310310062e-01 4.959079937838364316e-01 8.325156004994720416e-01 7.607790988160262335e-01 9.972976165912884605e-01 4.660645365968765774e-01
9.014154059685535181e-01 5.341024625343395726e-01 4.143947276500817289e-01 3.395695806956327001e-01 2.175647372997206452e-01 4.611633227514830846e-01
8.488911538656878086e-01 4.524573530896972007e-01 2.908361781088542042e-01 3.392283337902811668e-01 2.302678819906357754e-02 4.489790594967992821e-01
3.073339540482689092e-01 4.969846110532449290e-01 7.071555756621723532e-01 6.775567668242639119e-01 9.971725260880434094e-01 4.125029442769589383e-01
7.289466179637090759e-01 5.429348598602928844e-01 5.486500972778916019e-01 6.141265903475400245e-01 9.996463280803303819e-01 4.141610815132537593e-01
9.791640549088839185e-01 5.544097875728962732e-01 4.699366157445921122e-01 4.286710855311341994e-01 1.950888058839880257e-01 3.622004377703297862e-01
8.970218323620855472e-01 5.544097875728962732e-01 4.699366157445921122e-01 4.286710855311341994e-01 1.950888058839880257e-01 3.622004377703297862e-01
2.318326866802116748e-01 5.485525307430052511e-01 6.482827629419409821e-01 5.294806121895165862e-01 9.848735118046288983e-01 2.920246780856994850e-01
6.999073774801960468e-01 5.404840461928821505e-01 6.431488125955231450e-01 6.144432575791298756e-01 8.986168308440610764e-01 4.302752315393863491e-01
1.395009113935904710e-01 4.947680195994997865e-01 6.254369130817848399e-01 3.137954992847978297e-01 9.936063309397866750e-01 2.727224421698711265e-01
8.936427304707061925e-01 5.341024625343395726e-01 4.143947276500817289e-01 3.395695806956327001e-01 1.787229911448414144e-01 4.199401631749783981e-01
8.704136352442342073e-01 4.524573530896972007e-01 3.031592834286364058e-01 3.521035522768647397e-01 1.638976425816731641e-01 4.472879144191992951e-01
5.102873557146763162e-01 5.244746872780552405e-01 7.483229977225027696e-01 7.302707858705020927e-01 9.971779261102414749e-01 4.174866824383485220e-01
9.133041496206932841e-01 4.969050382444073488e-01 3.168096004663383258e-01 3.462601099309841057e-01 1.238304926458751037e-01 2.926644668100759628e-01
1.530071662544643107e-01 4.947680195994997865e-01 6.254369130817848399e-01 3.137954992847978297e-01 9.998086054332503414e-01 2.852421080143279219e-01
8.929308940726510269e-01 5.828907314501743375e-01 4.219733384482969862e-01 4.756975630242825659e-01 2.279699206089885188e-01 3.942979842686928915e-01
4.892913683899565158e-01 5.287522718334849436e-01 7.483229977225027696e-01 7.173012618223030268e-01 9.997477028611966299e-01 4.334025549701623348e-01
4.678834981410434080e-01 5.001249550415522993e-01 7.077138039834254268e-01 7.140908280089616200e-01 9.997230452656552524e-01 4.333717637466329986e-01
2.463949204271140281e-01 4.683880917857945470e-01 7.429438796611054219e-01 6.412345396652465723e-01 9.935963946684993608e-01 3.588943307349902190e-01
1.349959264050452634e-01 4.948056880514123401e-01 6.254369130817848399e-01 2.992300140630612115e-01 9.313891758063448378e-01 2.991050461639386815e-01
9.014154059685535181e-01 3.870553843349623380e-01 4.143947276500817289e-01 3.395695806956327001e-01 2.175647372997206452e-01 3.953646244495320206e-01
4.039755645310310062e-01 4.544147373076578011e-01 8.325156004994720416e-01 7.607790988160262335e-01 9.951837901119449104e-01 4.051705453530962675e-01
