8.994335378321487440e-01 4.051321320236599410e-01 6.918287108835161625e-01 5.361495063355727897e-01 5.429612594759122279e-01 6.576725585360797544e-01
5.822470940563954922e-02 7.423900089943713532e-01 5.557258172241995586e-01 2.290260539261075312e-01 1.040109841396399948e-01 6.770175591508910129e-01
8.057840020696712680e-01 1.406446296526687179e-01 9.989321242545031732e-01 5.490058547391762911e-01 8.169424279664598831e-01 4.775614142555232866e-01
3.667260069656904653e-01 7.815317513897771518e-01 1.293785592291624154e-01 3.406850585192511827e-01 8.249632535825179858e-01 9.888498800040578240e-01
9.051072784528606530e-01 3.541024091491991599e-01 7.245065419979301868e-01 5.012374140024384861e-01 5.548504430368920159e-01 6.481366507990995451e-01
8.994335378321487440e-01 4.037505514951801877e-01 7.978431525446272321e-01 5.410662878275915855e-01 5.451630511477727481e-01 6.326323896881118625e-01
8.992793064332101904e-01 3.871683863667583769e-01 7.237411244696575485e-01 5.459674734642171456e-01 5.492472107105964563e-01 6.481366507990995451e-01
2.579907329551272555e-01 7.294358921572209331e-01 2.954090347629048097e-01 2.290260539261075312e-01 7.253749036326515576e-01 8.828266805903396408e-01
2.623254849690921375e-01 7.335176519296443542e-01 2.950182488628166899e-01 3.122085304666805672e-01 6.946557989963372259e-01 8.057380009660736198e-01
5.069696381189597173e-02 7.055540699696214446e-01 5.556529320261524019e-01 2.582503826286901005e-01 1.493065088437250942e-01 8.051226158063687910e-01
8.298689587743757201e-01 1.796157751695252047e-01 9.980342079463963012e-01 5.632457139984773375e-01 6.142599509073928266e-01 4.788357623384823514e-01
8.566782093042446533e-02 8.389834319966076315e-01 5.652537921103160112e-01 2.751147272103968144e-02 4.190049809793681135e-01 8.334690093400667354e-01
7.155380330153661428e-02 7.826295766039940149e-01 5.583656450972489527e-01 2.600633574152955152e-01 5.209045579511065727e-01 9.531714150318568723e-01
2.616751702452404515e-01 7.335176519296443542e-01 2.938180784735932027e-01 3.122124663933095179e-01 6.552410216589056313e-01 7.882066816233866957e-01
8.795475723298391557e-01 3.466821741163035875e-01 8.594267204611938382e-01 5.627979758002440436e-01 5.494910804694407291e-01 6.246282033939462019e-01
3.714905571546889274e-02 7.761978821997672640e-01 5.636792371363706922e-01 3.300810598878420876e-01 2.152500744748502559e-01 9.873948221946639014e-01
5.168511234402549392e-02 7.213631063809995414e-01 5.505620259108328085e-01 9.573659794397360034e-02 1.560846378402289680e-01 8.715205740749706331e-01
3.668310719872852066e-01 7.815317513897771518e-01 1.297645335930595611e-01 3.186531885279654253e-01 8.249632535825179858e-01 8.873195328078848920e-01
8.430351394677230159e-01 3.152124758221440115e-01 9.947050360754462472e-01 5.635775129403756134e-01 5.945442384907617672e-01 6.246282033939462019e-01
8.566782093042446533e-02 7.387297318991642436e-01 5.127666616683586032e-01 3.082795572097761505e-02 4.097327891297881108e-01 8.334690093400667354e-01
8.627118120093765219e-01 3.510881390927473311e-01 8.221411085388117268e-01 5.627979758002440436e-01 5.534662292052405785e-01 6.246282033939462019e-01
3.614674832887777578e-01 7.815317513897771518e-01 1.292823715818642027e-01 2.603197171830239354e-01 8.249632535825179858e-01 8.599822339375839952e-01
8.994754568661949001e-01 4.050885011033049654e-01 6.913780202346059278e-01 5.108378380577978106e-01 5.493298807580900833e-01 6.576725585360797544e-01
2.295015582127657439e-02 7.757931943358052918e-01 5.759295800534800502e-01 9.929730513900875133e-02 2.251152954369598225e-01 9.887180139970139781e-01
8.298689587743757201e-01 1.943232546529602423e-01 9.908797960391000359e-01 5.629430200549525587e-01 5.825831544198343259e-01 6.280212946565525423e-01
2.129662617232025434e-01 6.760917814828356631e-01 2.954090347629048097e-01 2.304409886619643855e-01 5.525042095774733708e-01 8.165924092522562905e-01
8.854260790167851891e-02 7.826295766039940149e-01 5.466645463731706345e-01 1.126983309631594543e-01 5.209045579511065727e-01 9.531714150318568723e-01
8.172214126871217843e-01 1.406446296526687179e-01 9.989321242545031732e-01 5.490058547391762911e-01 7.015917280684422774e-01 5.308970582195009502e-01
3.208189109342414191e-01 7.013962661635096962e-01 1.479466792739910219e-01 3.185213178282486624e-01 8.247483237259394251e-01 8.870217597219263173e-01
2.129662617232025434e-01 7.424756311239181228e-01 2.954090347629048097e-01 2.290260539261075312e-01 5.525042095774733708e-01 8.265621140450477577e-01
2.592804245269474395e-01 7.302659662729368284e-01 2.954090347629048097e-01 2.290260539261075312e-01 7.253749036326515576e-01 9.476747064836238410e-01
5.069696381189597173e-02 7.055540699696214446e-01 5.556529320261524019e-01 2.582503826286901005e-01 1.560846378402289680e-01 8.591466448106470644e-01
2.213880159654093016e-01 7.294358921572209331e-01 3.259792472834912580e-01 2.228379311907164317e-01 5.386512508449141645e-01 8.828266805903396408e-01
8.620130989517091891e-01 1.912861603813453826e-01 9.570667677685101848e-01 6.995902581745726545e-01 6.007364355370828912e-01 6.247028090527718680e-01
2.857660084956925028e-01 7.219991688185389833e-01 1.734505234098077664e-01 3.208105142280403554e-01 8.100062362401596605e-01 9.232674654614719811e-01
5.069696381189597173e-02 7.190982292818361987e-01 5.560234765462640505e-01 2.585327794933175438e-01 1.681237836758160409e-01 8.868016345178542092e-01
8.278789333847932363e-01 1.357629622260357882e-01 9.980342079463963012e-01 5.632457139984773375e-01 6.579054480469748167e-01 4.788357623384823514e-01
8.767594051289304691e-01 3.553232603938204504e-01 8.221411085388117268e-01 6.150624012776932936e-01 5.551648423192754311e-01 6.245900338950666209e-01
8.620130989517091891e-01 1.905956792144166689e-01 9.818471936621100404e-01 6.953487239454929636e-01 6.004908268960462703e-01 5.987877562885989269e-01
8.660831502998544984e-01 3.510881390927473311e-01 9.040303172193000503e-01 5.552490461739467698e-01 5.471962081340965289e-01 6.127170662799409362e-01
8.719764084350463129e-01 3.762676505443908193e-01 7.925633350400339561e-01 5.410515555350656758e-01 5.451630511477727481e-01 6.382484937514052437e-01
1.164996904155094493e-01 7.851512734263096371e-01 5.887104560440400425e-01 1.403891077509983321e-01 5.209045579511065727e-01 9.531714150318568723e-01
1.241793120763087788e-01 7.826295766039940149e-01 5.887104560440400425e-01 1.149834641195043305e-01 5.209045579511065727e-01 9.531714150318568723e-01
3.667260069656904653e-01 7.815317513897771518e-01 1.293785592291624154e-01 3.406850585192511827e-01 8.204953701813191280e-01 9.889029938448268275e-01
2.826955279253510755e-01 7.224038566825009555e-01 1.612012402751250850e-01 3.815006557691294486e-01 6.847905545854152676e-01 9.232674654614719811e-01
2.972061954311863707e-01 7.219991688185389833e-01 1.734505234098077664e-01 3.208105142280403554e-01 6.946555363425461760e-01 9.232674654614719811e-01
8.660831502998544984e-01 3.365342671641026739e-01 9.254705342149086578e-01 5.547069694317758870e-01 5.825831544198343259e-01 6.304574825397046833e-01
3.259227815955330065e-01 7.465620780841357718e-01 1.908234483375650381e-01 3.453977623771320449e-01 8.398761754275645419e-01 8.870217597219263173e-01
8.620130989517091891e-01 3.380232266024126853e-01 9.913128571798708322e-01 6.656319306971876237e-01 5.994658457033705812e-01 5.982739747259658847e-01
2.213880159654093016e-01 7.294358921572209331e-01 3.259792472834912580e-01 2.228379311907164317e-01 5.431191220338565939e-01 8.625079624986672355e-01
