2.494372368576944221e-01 4.712021275174242164e-03 3.231360815632040168e-05 1.217863876571370846e-03 2.413961985135940763e-04 9.039012269000876176e-04
5.484531043968020233e-05 3.617093454169497124e-01 1.533446418691886415e-01 1.496788957870058279e-01 2.196552829384820216e-01 2.914321914472182695e-01
1.030183812450012060e-01 4.466975339398011197e-03 4.625579937800248370e-03 1.261450774760977927e-03 2.907604190482434127e-04 9.231626982941330698e-04
6.767662206139277159e-02 5.224733615921089806e-04 1.380462274054817954e-03 1.397147480017122030e-03 5.595896679727221934e-03 1.440993441470829733e-03
1.520815990836910658e-01 4.463183577080451908e-03 4.175630436313674046e-03 1.417856187599505265e-03 2.379077915785834268e-04 9.009886821335728532e-04
2.109408876214603212e-01 6.901657288512506698e-03 2.360799945880368185e-03 3.698516175673891449e-03 3.457024923458245150e-04 2.805325827656400886e-03
1.723507593804637916e-01 2.918401712945495330e-03 1.378271951990559657e-03 5.199180592466295936e-04 1.348355613306397721e-03 1.316917331727719860e-03
4.010729702994714208e-02 4.470253064524647331e-06 2.407151676992635297e-03 3.915414351338760909e-03 3.457024923458245150e-04 1.366950863010684422e-03
2.302802525929153465e-01 4.712021275174242164e-03 1.821236117693306872e-05 1.216225263686424940e-03 2.413961985135940763e-04 3.111833638337357412e-04
2.973529289655679753e-02 2.983861966204177409e-03 1.240162863090858280e-03 1.168178900581294619e-03 3.064514866633156684e-04 1.319277912861458076e-03
5.285137125622986487e-04 5.395435766373080089e-03 1.515762274153731326e-03 1.766686009383438422e-03 3.714816468280137882e-04 1.851510877543156852e-05
1.529157373260761935e-05 3.653878616702502247e-01 7.166775439232503375e-02 9.842380841481468412e-02 8.055309905526045200e-02 2.091127243520826962e-01
2.380617261040964688e-04 3.645603085321887926e-01 1.533446418691886415e-01 1.335779953207636706e-01 2.216015948517386369e-01 2.818804145375114478e-01
9.031659140098785424e-05 3.147744733243027504e-01 5.709918330300092770e-02 1.106581969302755930e-01 1.329909469603819672e-01 1.777018654479712856e-01
1.157575868249642419e-04 2.360885362845785429e-01 5.572938332058339356e-02 5.522430589330335621e-02 3.479653742158120983e-02 1.174708511008882433e-01
1.559219074626552737e-01 4.463183577080451908e-03 1.402774491181851997e-03 1.184073030629674908e-03 1.047260455186820038e-04 9.009886821335728532e-04
1.723507593804637916e-01 2.918401712945495330e-03 1.378271951990559657e-03 9.857812566467505366e-05 2.985181552535711574e-03 1.316917331727719860e-03
5.319185159927982244e-05 3.350579945115382263e-01 1.543099952143105191e-01 2.173760850226656716e-01 1.386612156136093343e-01 2.548874676577673193e-01
1.240982232840579403e-04 3.342771680470560947e-01 7.166672618195178701e-02 4.882391869581295674e-02 7.648540505434248127e-02 1.703937655682775387e-01
6.144081151450637209e-05 4.306569724416496603e-02 2.307227650213359085e-03 6.530767816762822996e-03 1.225369567024585729e-03 1.239914715668090925e-03
1.166252393295737937e-04 2.249165383755811765e-01 3.936777383409031765e-03 1.764741771465766062e-03 4.431684349313909366e-02 3.363526255776239787e-02
2.073537761328181350e-04 3.093914011677445508e-01 1.549919526515872448e-01 6.788824916531523146e-02 5.572117962976036454e-02 1.709111552140571977e-01
5.910718473088074059e-06 3.400946316741070286e-01 7.874329626323606224e-02 2.450719838629244682e-02 3.476824082518670256e-02 1.174708511008882433e-01
1.116022184955631880e-04 3.342771680470560947e-01 7.147251779594238075e-02 5.073058303677324687e-03 3.895231616202526198e-02 6.428608589322282185e-02
1.166252393295737937e-04 2.554659736610271348e-01 3.930966214891380879e-03 1.597076360410551454e-03 4.395997232888217143e-02 3.232171540237122054e-02
1.692704853798656511e-04 2.960639443437935170e-01 8.003428553464362813e-03 6.255269458029146662e-04 1.081286957179408009e-02 3.293460716986885278e-02
5.013259323977414556e-05 3.149929184646154678e-01 7.860236708373444237e-02 2.486743971714897028e-02 3.477338581517006727e-02 1.173800700326192714e-01
7.187397648018168793e-05 1.804161906860800579e-01 7.202309702717299422e-02 3.032913317227044474e-03 3.903543931835601333e-02 1.573938510299223437e-03
2.650999273971738979e-05 3.647611502769870784e-01 1.638632255811853788e-01 1.005808720983763921e-01 1.473979679837889301e-01 2.509785121555050957e-01
1.114208860397511859e-04 3.657361010583545236e-01 1.512779221030395582e-01 5.535675373211848549e-02 7.223644742085615078e-02 2.099676886980490487e-01
5.910718473088074059e-06 2.214584411200891667e-01 2.129287470628187309e-02 1.333856167750210875e-03 3.476824082518670256e-02 1.199423866207738332e-01
7.347795412689458626e-05 1.522527505924077817e-01 8.232632350687938902e-03 3.056027968622804583e-03 5.187282358421846373e-02 1.002515377618154457e-03
7.485441776503770422e-05 1.558318236509646237e-01 9.536372762699878505e-03 3.056027968622804583e-03 5.429460463135497503e-03 1.002515377618154457e-03
5.910718473088074059e-06 2.311568825963262186e-01 2.129287470628187309e-02 5.522430589330335621e-02 3.476824082518670256e-02 1.174708511008882433e-01
5.285137125622986487e-04 1.465621079175223329e-01 1.515762274153731326e-03 1.766686009383438422e-03 3.013255790595492992e-04 1.851510877543156852e-05
6.144081151450637209e-05 4.306569724416496603e-02 2.299205941519619559e-03 6.530767816762822996e-03 1.225369567024585729e-03 3.923864773649199389e-02
1.287511744516276781e-04 3.342953175156178069e-01 3.503815630410321569e-02 4.882391869581295674e-02 7.646828111441981990e-02 1.703937655682775387e-01
2.206591877629541787e-01 7.285340571570042556e-03 1.334110542910431352e-03 1.180247596923511642e-03 5.073845565137583002e-05 1.440993441470829733e-03
5.319185159927982244e-05 3.350579945115382263e-01 1.426679292735874016e-01 2.312768987982588287e-01 1.386612156136093343e-01 2.475115720014892107e-01
8.054598090311602487e-05 3.617093454169497124e-01 1.533446418691886415e-01 1.383203867903055606e-01 1.166287913657999553e-01 2.081038814379625457e-01
2.143285867070551798e-01 7.285340571570042556e-03 1.334110542910431352e-03 1.180247596923511642e-03 5.595896679727221934e-03 1.440993441470829733e-03
1.098296533287758126e-04 3.342771680470560947e-01 6.419052037375516662e-02 5.073058303677324687e-03 3.633797772659930897e-02 9.111236019238398709e-02
2.240619873709884802e-01 7.285340571570042556e-03 1.334110542910431352e-03 1.180247596923511642e-03 5.073845565137583002e-05 1.440993441470829733e-03
2.089502802160907657e-04 3.093914011677445508e-01 6.745401461321484660e-02 4.893127501738130103e-02 5.572117962976036454e-02 1.605351241341005097e-01
7.187397648018168793e-05 1.804161906860800579e-01 1.616917491173006094e-02 2.282080454469477809e-03 3.903543931835601333e-02 1.573938510299223437e-03
5.292593156285173907e-05 3.115274023708642925e-01 3.930966214891380879e-03 1.409669244568218655e-02 4.078506685579745550e-02 4.136465875466152631e-02
2.668928827101913100e-05 3.658090984331716644e-01 1.495167523217961758e-01 1.005808720983763921e-01 1.440979118271419890e-01 2.498257208723932421e-01
1.275746802712260071e-03 6.455018409319798756e-02 4.807752981247687130e-02 2.052771270096999390e-02 1.174964147012874660e-03 7.876479268218231078e-05
7.180929655773113395e-05 1.809666949125811608e-01 1.908051062342484838e-02 2.943879506923801834e-02 3.986814612455975848e-02 1.573938510299223437e-03
8.061066082556657885e-05 3.611588412593234043e-01 1.700675903319590898e-01 1.383203867903055606e-01 1.157961017939203863e-01 2.081038814379625457e-01
