3.956937154576960491e-01 2.738490842799373368e-03 5.906698654708666951e-02 2.388764001173639406e-01 5.766338211218949295e-02 1.973409201612624786e-03
9.966303553491243430e-04 1.097747941007665845e-01 3.850692811140850602e-01 7.441027574805810785e-01 4.039594772409978440e-01 5.432648182456245589e-01
3.068527637244957695e-01 2.733823245210072542e-03 9.303135786724839318e-02 2.353265520959637036e-01 5.766338211218949295e-02 1.586596695226958481e-02
1.728177658614400980e-01 1.526713340477144597e-04 8.207810893975800437e-02 2.312358818865191956e-01 8.520717557991376589e-02 1.266918110317379054e-03
3.583761847510272824e-01 2.733823245210072542e-03 5.290915387637598610e-02 2.353265520959637036e-01 5.766338211218949295e-02 1.586596695226958481e-02
2.232158658700857893e-03 9.568803424408231506e-03 2.077143428694740723e-01 4.929373209420451207e-01 3.071135119637676270e-01 3.739423277931666623e-01
2.971369905417320292e-03 2.285426592831165532e-02 2.207323182152323704e-01 5.682145768014350562e-01 2.972087233581785504e-01 4.830058823049617200e-01
1.319659721259036356e-01 7.114960597229360618e-04 8.194244588019614084e-02 3.315171395262170306e-01 9.405332696589904784e-02 8.347872725509979108e-02
6.593213964279608097e-04 5.307776750392700915e-02 2.691178669067451623e-01 5.682145768014350562e-01 2.917678809281388785e-01 4.830058823049617200e-01
1.360776125785459201e-01 2.738490842799373368e-03 8.194244588019614084e-02 2.860758065988364129e-01 8.907139101823795257e-02 7.477593325592277185e-02
1.131928814817709326e-03 4.995596613886665177e-03 2.534640770464278159e-01 6.056906381706415043e-01 3.952670064147861262e-01 4.913622741617799106e-01
4.869667188557350555e-03 1.622857097651850614e-02 2.249965061547216649e-01 4.953081824880128381e-01 2.313820733109877570e-01 3.522015170607971646e-01
4.620771287547884021e-03 6.133139859651774023e-02 8.335761418991718963e-02 2.642688816890454984e-01 1.428471938051317502e-01 8.337068897855678951e-02
5.527966259670551163e-03 1.334450800032555701e-02 1.017046768970728821e-01 5.124773984725079501e-01 2.903918131432354777e-01 2.651371939469917560e-01
1.374047659162346835e-01 1.526713340477144597e-04 8.207810893975800437e-02 2.312358818865191956e-01 9.074766769920060427e-02 2.072191515446226290e-02
4.869667188557350555e-03 1.622857097651850614e-02 1.255648908951388920e-01 4.953081824880128381e-01 2.313820733109877570e-01 3.522015170607971646e-01
7.375459910380292427e-04 6.254368696289795693e-02 2.967016586564748537e-01 6.442543864599858949e-01 3.468492665854188139e-01 4.740737355757627114e-01
1.728177658614400980e-01 1.526713340477144597e-04 8.207810893975800437e-02 2.312358818865191956e-01 8.521764279591154123e-02 3.044156577310237061e-02
5.045007942138454715e-03 3.186631215179810267e-03 8.335761418991718963e-02 5.063515071994720840e-01 1.495470908245610242e-01 1.598724917833093118e-01
5.527966259670551163e-03 1.334450800032555701e-02 1.017046768970728821e-01 5.100217716795446554e-01 2.219926297995161724e-01 2.692868691104340906e-01
1.326353371091560859e-03 5.721507433906026369e-02 1.282857359888988080e-01 3.934623187440009495e-01 2.105512839252179358e-01 2.561733646544859799e-01
6.593213964279608097e-04 2.307585122805433375e-02 2.706941069076667650e-01 6.124408634278284413e-01 4.139659161318361980e-01 4.830058823049617200e-01
2.971369905417320292e-03 3.303508638768583305e-03 1.343566356964546182e-01 3.741882334310359104e-01 3.086862298248232994e-01 2.921806641357596601e-01
1.987094915236464754e-02 2.738490842799373368e-03 5.906698654708666951e-02 2.388764001173639406e-01 5.123240425814348797e-02 1.973409201612624786e-03
1.313699101182443053e-03 5.124263673312475648e-03 9.016781557646540157e-02 2.859199596486427519e-01 9.249399736599367428e-02 4.086572919728498343e-03
1.131928814817709326e-03 5.548519423451576255e-02 1.929648756950386457e-01 5.385953018042100027e-01 2.980654154405599221e-01 3.526878996280693457e-01
1.348474217862360861e-03 5.659164363211278970e-02 3.421570176122404883e-01 7.617920973136178553e-01 4.289208356439420666e-01 5.651198583772204520e-01
4.869667188557350555e-03 1.622857097651850614e-02 1.324447545380069147e-01 4.904673495339486600e-01 3.014155146690112863e-01 3.488994803220579755e-01
7.375459910380292427e-04 6.254368696289795693e-02 2.967016586564748537e-01 6.442543864599858949e-01 4.214450226403984034e-01 5.381680170060890722e-01
4.120988703259841762e-03 2.954243771893586001e-04 9.966630402038467729e-02 3.045248199403576272e-01 2.733424265088903460e-01 2.084363096262099868e-01
4.620771287547884021e-03 5.041911837062814511e-03 8.335761418991718963e-02 3.083009956788324013e-01 1.428471938051317502e-01 1.296599217176260810e-01
8.862758971666191612e-04 1.794675738238228624e-02 1.798445421867075344e-01 6.124408634278284413e-01 4.135604767155789951e-01 4.830058823049617200e-01
9.776789075072509980e-03 2.237484854146925758e-02 1.358120966901736337e-01 5.361903863910773005e-01 3.979842614224948227e-01 4.545689067413083984e-01
1.889802602971557555e-02 2.836997511430332068e-03 1.373555774989252132e-01 2.965479604013496195e-01 2.645952415076770481e-01 8.707070064452303304e-02
3.270699005737520010e-04 4.613336684192449050e-02 5.301025919195920949e-02 3.934623187440009495e-01 2.493457711088136186e-01 2.930904459526579298e-01
7.366707328113981847e-04 6.283374512227098141e-02 3.717127828750527163e-01 6.442543864599858949e-01 4.214450226403984034e-01 5.381680170060890722e-01
8.817251279770542795e-04 1.521550187074768301e-01 2.630466894078904438e-01 7.441027574805810785e-01 3.989331272419188168e-01 5.387879723439431556e-01
2.971369905417320292e-03 2.239775143940106114e-02 1.358120966901736337e-01 5.479992660072601218e-01 4.174726988080044721e-01 4.545689067413083984e-01
1.063668587448235447e-02 2.770725170258810446e-03 8.042796409498638444e-02 2.372852041095845632e-01 9.196510984640382524e-02 2.284646036772836064e-03
1.228449015025356306e-01 1.526713340477144597e-04 8.194271397956456870e-02 2.312358818865191956e-01 8.520717557991376589e-02 1.266918110317379054e-03
4.114459470696156529e-03 1.523363561698066332e-04 8.343781699927584061e-02 3.083009956788324013e-01 1.422804106076105690e-01 2.095514910809104792e-01
2.971369905417320292e-03 2.285426592831165532e-02 1.037157923668080572e-01 5.682145768014350562e-01 2.972087233581785504e-01 4.568858715661561209e-01
7.375459910380292427e-04 5.133442000847669717e-02 2.967016586564748537e-01 6.442543864599858949e-01 3.468492665854188139e-01 5.430142825017789665e-01
5.050633377344511225e-03 3.186631215179810267e-03 8.917477869662499002e-02 5.087768766648523844e-01 1.495470908245610242e-01 1.311636545733381176e-01
7.375459910380292427e-04 6.254368696289795693e-02 2.967016586564748537e-01 6.442543864599858949e-01 3.468492665854188139e-01 5.430142825017789665e-01
2.971369905417320292e-03 2.266052680346362230e-02 1.358120966901736337e-01 5.457811539602235307e-01 2.971580733964338528e-01 4.830058823049617200e-01
8.817251279770542795e-04 8.724133853604632005e-02 3.987895295881933588e-01 7.441027574805810785e-01 4.039594772409978440e-01 5.387879723439431556e-01
9.966303553491243430e-04 1.757524857229893211e-02 3.850692811140850602e-01 7.441027574805810785e-01 4.039594772409978440e-01 5.432648182456245589e-01
6.584118235932693436e-05 4.342405190129484949e-02 9.824326420682458205e-02 3.269127118912636965e-01 2.295624839358904601e-01 1.575614476762510485e-01
8.711148945855035292e-04 4.969864658919758565e-02 2.630466894078904438e-01 7.339043460309092604e-01 3.989331272419188168e-01 5.387879723439431556e-01
