1.053890397852835781e-05 4.361918490252297831e-01 3.248380671232989902e-01 2.921739131488192420e-01 2.470439122361584583e-01 2.499872369568206243e-01
2.953557239936476231e-01 2.115961576296399027e-03 1.067067900449315040e-03 1.271643350152369158e-03 9.495761172592731905e-04 7.971084045620825502e-04
2.471634058309443160e-01 7.785331285774829517e-05 4.626545261366982881e-05 3.275909956836084783e-03 3.792889652072104672e-04 2.016894581195177033e-04
2.953557239936476231e-01 2.115961576296399027e-03 1.067067900449315040e-03 1.271643350152369158e-03 1.485506081738359073e-03 7.971084045620825502e-04
1.642607847951297051e-01 7.785331285774829517e-05 6.631386500891674023e-03 1.963722464891771557e-03 3.896680567025403649e-04 2.016894581195177033e-04
2.446695901399603690e-01 8.578718823713834380e-05 6.631386500891674023e-03 1.008526214219549258e-05 8.730736565314613923e-04 1.450004268391592876e-04
2.133273894545094085e-01 9.918335233840560542e-06 3.632605514162232443e-05 1.462496818479293650e-03 2.755974625355133464e-04 6.703956025028616830e-04
1.846728571543819752e-01 4.534526322524277345e-04 1.282436913703217767e-04 4.702866607214034253e-03 4.579609025009631629e-05 7.887141239216490223e-04
4.937089042125612001e-05 2.775594940202242844e-01 7.521145355310557279e-02 6.667331178831693850e-02 7.396468562384899727e-03 2.711555279525303553e-03
2.121686191844260605e-01 3.046842454234760013e-05 2.234366281525945134e-03 1.462496818479293650e-03 2.919078177638068073e-04 6.456290462173389783e-04
1.053890397852835781e-05 4.577416334133900255e-01 3.248380671232989902e-01 2.486343666697810040e-01 1.495594293033201128e-01 2.499872369568206243e-01
1.133816585080125137e-05 3.757694263772482501e-01 2.994788347433461895e-01 1.130531026923466686e-01 7.739148262215844731e-02 1.300239844289996505e-01
3.471984184779536298e-05 3.877279796748371865e-01 2.511294357421318124e-01 2.468361881931753210e-01 9.813494170587244714e-02 2.405859788048801406e-01
1.412198991833998329e-01 2.394518780656690327e-03 5.697945239136583198e-03 1.462496818479293650e-03 9.594578860003749946e-04 6.673055068210426892e-04
1.436391403732176497e-01 2.000517239300375789e-06 1.448179980732960948e-04 2.062232515236103562e-03 3.101701273055687763e-04 6.674592930642661267e-04
1.122522037835924332e-05 3.717806355121938688e-01 1.522256802139528853e-01 1.208042043642032493e-01 7.122905357680683891e-02 1.386632839307659626e-01
5.012621684262762211e-05 1.969382048224669612e-01 1.642514568471769021e-01 1.532908450663392208e-02 7.141384658472108189e-03 1.271967931671501816e-03
1.068330152764568152e-04 3.298218767476072122e-01 2.507615824193630272e-01 9.807247491767159819e-02 1.607785794300818638e-01 2.288168229831791800e-01
1.830082913544196499e-01 4.534526322524277345e-04 1.282436913703217767e-04 4.702866607214034253e-03 4.579609025009631629e-05 7.887141239216490223e-04
1.198286054760764052e-01 5.504781517483795655e-04 4.176530195312101935e-05 4.736592802153305123e-03 3.757627120453778174e-04 1.975304588593544447e-04
2.204117684755897775e-05 2.925033345877084412e-01 1.633434559804691211e-01 1.505321383663833952e-02 2.685216109862368500e-02 2.645631849932228441e-02
1.047283046696489565e-04 3.365755697112570166e-01 2.557137230156860119e-01 1.389269830839017505e-01 1.487422500208248066e-01 2.492503927109178674e-01
1.053890397852835781e-05 4.577416334133900255e-01 3.248380671232989902e-01 2.572137212950378338e-01 2.485959432608171316e-01 2.499872369568206243e-01
4.949879486669719463e-05 2.190274749810702803e-01 7.496888386522360115e-02 1.620242669955090573e-02 3.382085178796987585e-04 2.028967319681793634e-03
2.146498178827868305e-05 3.905389987772803773e-01 2.431767058727254127e-01 1.071350454817708020e-01 1.495594293033201128e-01 2.702847418452549721e-01
2.149261041458438130e-05 3.293297236414514662e-01 2.004358134704098404e-01 1.131223795382705066e-01 3.967920085780594214e-02 1.309660563102835462e-01
2.891665484543713693e-02 5.023102285917808302e-03 4.986936730118365912e-03 1.153184312491996322e-02 3.882379733433008592e-04 2.861804475527342240e-03
8.678130351097401718e-02 2.771291066841785090e-04 2.991607382144077093e-05 1.361340566056520179e-04 8.576216446050180520e-04 7.367917218054076400e-04
1.964321393065300569e-03 2.771291066841785090e-04 8.496281032136041717e-05 1.361340566056520179e-04 8.576216446050180520e-04 7.373110562641921328e-04
1.019701930696721992e-01 2.115961576296399027e-03 9.721596487236266841e-04 1.461591532108758680e-03 9.495761172592731905e-04 6.705362777122841639e-04
2.704102656986540179e-05 3.206187632852171565e-01 1.808143169336809131e-01 2.704493488629462414e-02 3.967920085780594214e-02 6.861660512252273914e-04
6.359504917838794402e-02 4.205738545932078722e-05 1.895579022026191735e-05 1.421203410450471577e-03 9.547788707018467621e-04 1.285922400926458155e-04
4.526277094503376730e-02 8.557297441078243541e-05 2.982940434454302509e-04 1.361340566056520179e-04 8.576216446050180520e-04 7.367917218054076400e-04
1.340983133270995387e-05 3.880777097374452644e-01 2.431767058727254127e-01 2.415069187700885633e-01 1.495594293033201128e-01 2.793104871267709233e-01
7.789836180667308874e-02 2.394518780656690327e-03 5.697945239136583198e-03 1.462496818479293650e-03 3.450758246174318185e-04 6.803864167213046540e-04
4.178180763031702608e-05 3.215741419837201409e-01 1.977783962969714981e-01 2.704493488629462414e-02 7.900208041239140111e-02 8.916644952886651487e-02
1.133816585080125137e-05 3.711344500681679759e-01 2.510059519528268779e-01 1.074039245783899033e-01 5.784430380166494245e-02 1.300444801383430493e-01
2.894948049298254680e-02 9.505449509344260361e-04 1.022808038120687213e-04 2.626885018382985049e-03 3.882379733433008592e-04 2.777025474307965973e-03
1.054735125230905416e-05 3.896126434677669725e-01 3.248380671232989902e-01 2.495945042072534592e-01 1.709166994952897589e-01 2.499872369568206243e-01
4.159284248365356131e-04 7.094644895282872787e-02 8.389754632014767566e-02 1.347009130341074445e-03 1.486211278145781666e-03 8.898720329537138617e-04
1.187751224511943426e-01 5.504781517483795655e-04 1.282436913703217767e-04 4.702866607214034253e-03 4.805560280017549791e-05 7.887141239216490223e-04
4.459451843679136771e-06 3.860499919500622878e-01 3.248380671232989902e-01 2.495827159677908302e-01 1.495594293033201128e-01 2.499872369568206243e-01
3.586945955947278388e-05 1.947640934635514465e-01 4.610344550627687270e-03 1.234861088997472878e-02 1.688654969743581813e-05 5.376129789749606314e-02
3.586945955947278388e-05 2.006648445881668297e-01 4.463374651252800807e-03 5.905341374763516810e-04 6.981510787412902909e-03 1.303522652423745555e-03
1.044110535301399911e-01 1.860413465270004162e-05 2.946240161726702486e-04 1.462496818479293650e-03 9.138487055432580226e-05 7.947618539839387429e-04
4.480170756104313867e-02 4.205738545932078722e-05 2.980460981116377908e-04 1.421203410450471577e-03 9.547788707018467621e-04 1.285922400926458155e-04
1.133816585080125137e-05 3.711344500681679759e-01 2.509099716621397413e-01 1.074039245783899033e-01 5.784430380166494245e-02 1.300444801383430493e-01
4.173969481056711477e-05 3.508252792500666795e-01 1.977783962969714981e-01 2.704493488629462414e-02 7.900208041239140111e-02 9.280820261269548399e-02
8.595535839202332259e-04 6.464052278508666816e-02 1.867179916460508238e-03 1.440236575938423809e-03 1.486211278145781666e-03 6.633972849645952685e-03
2.704102656986540179e-05 3.194137137006544669e-01 1.815942815407558253e-01 1.161987580997210362e-01 4.167458914391222041e-02 9.469832307025916052e-03
