2.981058712072792161e-01 4.481617657797302978e-03 4.105900446150064160e-05 2.241381759451275060e-03 1.687712311166127003e-03 2.505196401668395058e-04
1.703190268181886680e-06 4.059158531358044719e-01 3.149146882967189809e-01 2.019585144388245379e-01 1.420640881087306684e-01 3.362246442548823544e-01
2.832154570657690051e-01 4.481617657797302978e-03 4.743966535055907634e-06 2.241381759451275060e-03 1.687712311166127003e-03 1.538526926398997574e-04
9.098579840599345381e-02 4.455713091272919812e-03 1.261750336648048698e-03 1.701572705612524120e-02 7.033065562127613357e-03 8.600053258631761705e-03
2.477285488972093275e-01 4.481617657797302978e-03 4.743966535055907634e-06 2.241381759451275060e-03 1.687712311166127003e-03 6.645597304921757598e-05
3.844969239258824723e-02 2.161224068355091770e-03 5.981148221079374305e-06 1.687494293756862471e-03 1.262101687930852756e-04 2.685772855029432138e-04
2.187537452920531866e-01 5.494874928083529585e-03 4.883718875327725667e-05 1.674961445804885613e-03 9.321455398408919871e-05 2.942547387368715014e-03
9.337960320273908869e-05 2.596926448469590309e-01 1.617191867151994145e-01 7.907384223123386027e-03 4.121763638288367115e-02 1.092127361660936574e-01
4.867952635319860186e-05 2.855916318097486695e-01 1.669799838192012054e-01 7.575647314372123409e-03 7.812187248442875598e-02 1.407920859551444470e-01
2.048594093638742564e-01 6.368859620585257814e-03 4.522471366437130769e-04 1.811028876523601214e-03 6.672601158680527278e-03 2.413781103190408735e-03
1.741975988183543933e-01 1.941465613351905581e-03 3.810128813614427080e-06 1.714583302812665994e-03 2.027104422357700088e-03 2.802282778740930371e-03
1.118559806596262640e-01 3.979013060731095494e-03 1.167535779223738412e-04 2.299307129885742353e-03 1.727396041729383370e-03 1.558542388137374238e-04
1.593071846990202767e-01 1.941465613351905581e-03 4.200375279875025452e-05 1.714583302812665994e-03 2.027104422357700088e-03 2.688805096650886354e-03
9.769503435319991380e-02 4.455713091272919812e-03 4.032671981716473564e-03 3.352277515683364795e-03 1.216026538511175148e-03 5.607305575051355420e-04
9.303186228868420599e-05 2.275369923916509274e-01 1.153427848935628663e-01 3.818050779786316164e-03 1.389280203587764384e-02 6.995885089810018054e-02
2.379373131705177502e-01 6.242210395197811748e-03 3.779151934235470251e-05 3.924759835858431835e-03 2.037468249053862347e-03 1.413341847508844170e-04
9.370637709736800763e-05 4.267497957271400022e-01 2.355533754229501842e-01 1.795138152032553225e-01 1.378525166762350762e-01 2.221630775468876329e-01
5.283878234467178844e-04 3.471056315524397307e-01 2.493419602689133652e-01 2.679994815504024852e-02 7.780303836655493022e-02 2.352551742341250363e-01
7.443761369213541812e-06 4.059158531358044719e-01 3.149146882967189809e-01 1.297608737062966588e-01 1.476539675934153140e-01 2.983837994044811204e-01
9.303186228868420599e-05 2.657339681846240809e-01 9.595944275909033816e-03 3.805021943101626752e-03 1.237768146222719464e-03 8.448829261930725087e-03
1.125195858667216164e-05 4.059158531358044719e-01 2.851107210848137785e-01 2.053589654115930974e-01 1.420640881087306684e-01 3.310218895911260506e-01
9.337960320273908869e-05 3.801843148139638640e-01 1.621733358387259516e-01 7.539753902075667369e-03 3.974667878847520930e-02 2.069469830730934212e-01
9.337960320273908869e-05 2.596926448469590309e-01 1.617191867151994145e-01 7.907384223123386027e-03 3.999380413480167762e-02 6.013191195291796298e-02
3.933790482779850328e-04 3.890492298982785591e-01 2.829678486058254117e-01 3.605318257973171014e-02 7.874637516064329767e-02 2.194947955831191844e-01
2.136448179914006104e-05 3.803826142266376054e-01 2.899472187101657661e-01 7.729450349517405505e-02 9.420625361926213137e-02 2.128083587684755917e-01
2.069809812508293973e-05 1.979338682682059425e-01 2.177038069396921433e-03 2.229208151202680902e-03 3.634553756326208696e-04 8.386438385298827097e-04
1.385012039155553609e-04 2.998211826533365154e-01 1.662146536653934525e-01 7.158337626409461141e-02 7.723213559897229574e-02 1.878559705111334244e-01
9.303186228868420599e-05 2.657339681846240809e-01 7.539622985004686140e-02 1.704943864827115733e-03 1.237768146222719464e-03 8.448829261930725087e-03
1.131724374094730812e-02 4.476322060701941330e-03 4.135379341023534723e-05 1.696763842387034047e-03 1.691787984286976512e-03 2.385121876140672628e-04
1.247905349441060506e-04 3.802555277661057720e-01 2.341899563011215213e-01 7.729450349517405505e-02 6.704878591465343596e-02 2.116105641397868498e-01
9.370637709736800763e-05 4.267497957271400022e-01 2.915146727506710000e-01 1.669363576424546802e-01 1.378525166762350762e-01 2.221630775468876329e-01
1.296716109409327966e-01 6.287171619351543395e-03 4.200375279875025452e-05 3.916155997313069091e-03 2.027104422357700088e-03 2.689699542273552707e-03
3.711571368509836676e-04 3.472996543012453197e-01 2.099608773611541523e-01 7.717036302463411990e-02 6.704179109900042233e-02 1.827713298416940024e-01
1.296716109409327966e-01 6.287171619351543395e-03 4.200375279875025452e-05 3.916155997313069091e-03 1.952572091094722552e-03 5.139431966120801276e-04
6.275283287171298774e-05 3.488764889762462351e-01 1.586562528762614499e-01 1.857454283155739877e-03 9.931117127649799481e-02 1.099482433077068888e-01
1.319467302726203212e-03 4.246765246316644427e-02 6.484891205259177283e-04 1.918893648938948746e-02 3.016608497388427457e-02 1.391508373048387648e-02
2.048594093638742564e-01 6.368859620585257814e-03 4.522471366437130769e-04 1.811028876523601214e-03 4.949153608793882900e-04 6.887506359249562660e-04
1.454482590490528415e-01 4.455767357572000022e-03 4.032671981716473564e-03 3.351038418436386428e-03 1.216026538511175148e-03 5.590363481667204489e-04
1.741975988183543933e-01 1.941465613351905581e-03 6.193665599003033995e-06 1.714583302812665994e-03 2.027104422357700088e-03 2.802282778740930371e-03
9.303186228868420599e-05 3.472201696510963942e-02 9.595944275909033816e-03 3.805021943101626752e-03 1.237768146222719464e-03 8.562797871458808358e-03
1.756475906448881630e-03 6.913465474492133667e-03 2.155833217785878969e-03 2.229208151202680902e-03 3.634553756326208696e-04 9.089172481587565362e-04
1.454802584506172947e-01 4.393517807280422627e-03 4.273705015393633455e-03 3.147489207551069923e-03 8.606834317529538092e-06 7.829592651030772496e-04
9.303186228868420599e-05 2.657339681846240809e-01 1.153427848935628663e-01 3.805021943101626752e-03 1.780184975998702623e-03 6.995885089810018054e-02
6.275283287171298774e-05 3.488764889762462351e-01 1.617191867151994145e-01 2.490087902891442370e-02 9.931117127649799481e-02 1.109653677465723687e-01
9.861992451202632745e-05 3.887843056947551390e-01 2.548929204550994254e-01 1.775162291421925886e-01 7.780303836655493022e-02 2.225421272849007481e-01
1.347931085109310787e-03 7.585215552029464514e-02 1.585239944546154925e-02 4.564172167342009367e-02 2.963217915180448025e-02 1.421972327215216894e-02
7.508500828969869051e-06 3.886108272010309062e-01 3.149146882967189809e-01 1.297608737062966588e-01 9.352485505037719249e-02 2.105700065677144350e-01
9.337960320273908869e-05 2.596926448469590309e-01 1.617191867151994145e-01 7.907384223123386027e-03 1.714178890772199287e-03 5.763363097996900691e-02
2.267832672686153749e-05 4.059158531358044719e-01 2.848291962467748850e-01 2.058789269178543657e-01 1.420640881087306684e-01 2.413810691568666622e-01
1.109081073110626536e-04 1.946373661794811860e-01 1.082657059514770780e-02 2.218288986911081187e-03 4.066358859368132683e-02 3.475374702975586420e-03
