4.974593086034699357e-05 4.273223969856994042e-01 2.989674211989158392e-01 3.125149357361458047e-01 1.465203134420614006e-01 2.455283034703620304e-01
2.224573938346711688e-01 4.316094252448943180e-05 1.665660407249493907e-03 5.613016859394933007e-04 7.386898651127841997e-05 2.404836854958382342e-03
1.979134007162220710e-01 2.025751343242534336e-03 6.876946360785996665e-03 1.148485163634228271e-04 6.141315973355360343e-05 2.404836854958382342e-03
1.775548841764010288e-01 2.307768747329685954e-05 3.568714289815206296e-03 1.392365588152718269e-04 7.386898651127841997e-05 1.607461561534101468e-03
8.215809740221155510e-02 9.996666170642228184e-04 6.577897851846705238e-03 1.258508519128748865e-03 1.417564136558862806e-04 1.907016353285428782e-03
1.162949049878897884e-01 4.314491804362612375e-05 3.068797900638632527e-03 4.943386537071394003e-04 9.083849793178758528e-05 1.009865685174484839e-03
1.096126856109502362e-01 2.993259594849537533e-04 6.595302242928635476e-03 2.456114411721452197e-04 1.416250758179047296e-04 2.414373696524757182e-03
2.031978151660022037e-05 2.973326596563886648e-01 1.312988074301794095e-01 2.340568932764942878e-02 7.536572786882692054e-02 5.245721510039498547e-04
8.589458530197245818e-06 3.411442831621882554e-01 1.182118615299716097e-01 1.161470001528809581e-02 1.353368383559452881e-01 6.765242703880378766e-03
1.361954862506335462e-01 2.323947584805592659e-03 6.211965723812485490e-03 1.148485163634228271e-04 9.016800321176783248e-03 2.404836854958382342e-03
4.974593086034699357e-05 4.273223969856994042e-01 2.989674211989158392e-01 2.277650944422527357e-01 1.465203134420614006e-01 1.993507243187974121e-01
6.238097208322114506e-02 2.579405288205549596e-04 2.332224684166309472e-06 8.466341656553208125e-04 2.894509092829397352e-03 7.896980755913234843e-04
3.413132715587456406e-05 4.273223969856994042e-01 2.883280247342167035e-01 3.125149357361458047e-01 1.465203134420614006e-01 2.455283034703620304e-01
3.935999181992571455e-02 4.185378585445844596e-05 3.108051178657903705e-03 2.922996966592786468e-03 5.387738070981591253e-04 2.401458187646961315e-03
9.281570506280900634e-02 4.054488057337923878e-06 3.700317954060228665e-03 2.922996966592786468e-03 1.789554550707956725e-04 2.391882780807527697e-03
1.533562956085735896e-05 3.578772787046659576e-01 2.283676717638904452e-01 1.203949624222131892e-01 1.298318331277946158e-01 2.314313953640367502e-02
1.484179438575501404e-05 3.706652776204765187e-01 3.119555270511684686e-01 1.757147557848274810e-01 1.505466557240327241e-01 8.016694877404934028e-02
1.707227262259685407e-01 9.068247798872872134e-04 5.124665033237748094e-03 1.216399687396242310e-03 1.248873472557074913e-04 2.414373696524757182e-03
3.779394028363013830e-02 1.610924974747786516e-04 3.095378092408884989e-03 2.114581500516728163e-02 7.803197710628100307e-05 2.401529338720335104e-03
1.460475624206800105e-01 3.608757903510520504e-04 6.877411807937004566e-03 1.148485163634228271e-04 1.229212305539554683e-04 2.404836854958382342e-03
4.777500950313998346e-06 1.728675124061820889e-01 2.197885061172247939e-04 2.357045964717004866e-02 2.839401165744480371e-02 1.448220391556810475e-04
1.521532546053982193e-01 1.235578666413154891e-03 6.827437823805711584e-03 1.216399687396242310e-03 1.248873472557074913e-04 2.414373696524757182e-03
8.421322164625283965e-05 9.687288796438664473e-02 2.057998680448346746e-02 5.585431449558406203e-04 2.877320835801239207e-02 1.206555605685269948e-03
2.126344463262783147e-01 2.323947584805592659e-03 6.876946360785996665e-03 1.148485163634228271e-04 7.954043106658953421e-04 2.338830628997070216e-03
6.962755822724942152e-06 3.636644860933829770e-01 3.119596958644420548e-01 2.222344997340665040e-01 1.505466557240327241e-01 2.027423651356892731e-01
5.839987876770302844e-02 8.114206961547137595e-03 1.141008031402996649e-02 5.197722746427546614e-03 1.799121001350354170e-04 3.813075885761511852e-03
1.392031974075381059e-05 3.318392705578202539e-01 2.157369793192157603e-01 9.126561576334918380e-02 9.447516107593534329e-04 5.537814210905303266e-04
2.086858388823851183e-04 2.076629753675704460e-01 2.178304085261428824e-03 4.357012966291880229e-02 7.525081753038109778e-02 2.039218324297469714e-03
1.860471128033859556e-02 2.004786624796219691e-03 9.059605773844262196e-04 9.410673445560766709e-04 2.994923451030459972e-03 3.414100304243317813e-04
1.484179438575501404e-05 3.706652776204765187e-01 2.468447105220162863e-01 1.757147557848274810e-01 1.505466557240327241e-01 8.016694877404934028e-02
1.975212348330663854e-05 4.155129175854901935e-01 3.119849104839740872e-01 1.771943774178649234e-01 1.549345147285692836e-01 1.037192226933171119e-01
4.383409919494183921e-05 3.079721800121891229e-01 2.318109711574539156e-01 8.696927168445260647e-02 8.375601076759910113e-02 8.766619034905408225e-03
1.218943616493503579e-02 2.437461951138672738e-03 6.915720167098817622e-03 5.624426707386265527e-04 7.943803100502763379e-03 2.414373696524757182e-03
3.066237586109879466e-05 2.952433332689500256e-01 2.778666506389848578e-01 9.409589163940412782e-02 1.448336931031220243e-01 5.782243212992719227e-04
4.777500950313998346e-06 1.728675124061820889e-01 9.493380642936273713e-04 2.360433759685036381e-02 2.900867647476358668e-03 3.414100304243317813e-04
8.695965730802978841e-05 2.076629753675704460e-01 6.548054821868931619e-02 4.357012966291880229e-02 8.004505896558447575e-02 6.843159425520644462e-03
4.861389847447052668e-05 3.176353810571613256e-01 2.157369793192157603e-01 9.126561576334918380e-02 1.502360504497761151e-01 5.537814210905303266e-04
1.871396181262488740e-06 2.004035741122831005e-03 9.059605773844262196e-04 9.410673445560766709e-04 2.940455800780677684e-03 3.414100304243317813e-04
1.808627225433282327e-05 4.250855125795595102e-01 2.818697612040267919e-01 1.747938047281044627e-01 1.505423638377793860e-01 9.758945260062168447e-02
1.361954862506335462e-01 2.323947584805592659e-03 6.876946360785996665e-03 1.148485163634228271e-04 7.317979137753775898e-05 2.404836854958382342e-03
2.224573938346711688e-01 6.115827971198413253e-04 3.618583325863872213e-03 5.546487058065209010e-04 7.386898651127841997e-05 2.404836854958382342e-03
2.126344463262783147e-01 2.323947584805592659e-03 6.876946360785996665e-03 1.148485163634228271e-04 7.317979137753775898e-05 2.404836854958382342e-03
9.281570506280900634e-02 4.054488057337923878e-06 1.780716950922256459e-02 2.922996966592786468e-03 1.789554550707956725e-04 2.391882780807527697e-03
2.875065527733718025e-05 2.675117503661595952e-01 1.025421537080421774e-01 2.336261339003368673e-02 4.331109871253499555e-03 3.897997836607558888e-04
2.031978151660022037e-05 2.990220467805576043e-01 1.046368588502629149e-01 2.340568932764942878e-02 3.477858816935913699e-02 5.245721510039498547e-04
7.301701240983605318e-06 3.546123032484376214e-01 3.055977607891044445e-01 1.208287551943156152e-01 1.301643409225256010e-01 8.824864330970582510e-05
1.611156184469874075e-01 9.779317418347863340e-04 2.592595459248800936e-03 1.258508519128748865e-03 5.277704269356876463e-04 6.200579206781103858e-06
8.421322164625283965e-05 8.134348545842762235e-02 2.209377394317398047e-02 7.826704515264994166e-04 3.295619476634474576e-03 3.458898227623039196e-04
1.611156184469874075e-01 9.779317418347863340e-04 3.090947946539654087e-03 1.244822240014177182e-03 5.277704269356876463e-04 3.612751474511574981e-03
1.975212348330663854e-05 4.152237045561708029e-01 3.119849104839740872e-01 2.844454186472380464e-01 1.549345147285692836e-01 1.033152736246767400e-01
