5.988403691120348205e-06 4.229828048945343810e-01 3.570833144045506558e-01 2.347363059226804105e-01 1.794175530522751083e-01 1.384591373206757736e-01
1.747752287025155227e-01 2.374811375283039129e-03 1.452917254795783181e-03 2.650946472984332851e-04 1.080397546405679685e-03 2.409178061665480115e-04
1.008342804777653534e-01 2.374811375283039129e-03 1.452917254795783181e-03 2.656956992569294690e-04 1.510307442883886478e-03 9.120604736054989132e-04
1.326352716959662836e-01 2.220816639446517027e-05 1.287586969167602707e-02 3.197082007739606986e-04 1.070639439199170487e-03 1.125815856479291631e-03
1.649657488579897024e-01 6.404380906029217245e-03 5.253843547323222563e-03 2.900287902483133563e-05 1.420086986999856936e-03 2.728023219475338938e-03
1.398142905774750755e-01 2.374932275216241027e-03 5.671278959037233391e-04 2.604995491758179131e-04 1.071117317663466614e-03 8.597692331612579071e-05
3.797610962514380573e-02 1.913569029444198329e-03 1.202355162247158854e-03 2.962166141783245427e-04 1.069740510669668892e-03 8.301624435065900259e-05
6.181731170264601061e-02 2.363051133100812183e-03 1.320399375359100624e-02 2.861067373955641533e-04 1.070670285366994486e-03 1.125815856479291631e-03
8.831462449049701235e-02 2.374811375283039129e-03 1.452917254795783181e-03 2.656956992569294690e-04 1.234193144149799484e-03 9.120604736054989132e-04
5.368684360616993330e-05 3.130814822423829136e-01 1.766534037071472163e-01 1.691223584908653488e-02 5.752410681073259063e-02 2.431870800337013194e-02
3.157960475815110857e-02 2.364024411355334070e-03 1.452917254795783181e-03 2.713394072943129884e-03 1.482866887819151748e-03 3.214865646594753344e-03
1.943452263768618432e-02 2.322405949163601491e-03 9.327240276392782456e-04 5.369813715336472539e-03 8.390663385148732162e-05 2.374712929140571083e-04
2.680918750093980868e-04 2.626645254839466981e-01 5.529222634571785006e-02 1.147346632170086027e-02 5.306415163064881133e-05 9.722072867047494571e-05
8.014880892263856471e-02 8.373212848030292792e-04 9.411876351926774407e-04 2.924888020788547587e-04 9.865466550697320029e-05 3.898667535613166424e-05
2.499164341594493910e-03 2.590770990081078806e-03 3.393221354488113427e-03 1.931662834024870656e-04 1.019388454399534254e-03 3.638442478034023802e-03
7.438115856024501982e-02 8.738981521091734699e-04 5.798687313945129727e-04 2.541751073763325280e-04 1.071310175252542093e-03 3.898667535613166424e-05
2.205041672844374907e-05 1.744461016946831367e-01 4.833285524846235581e-03 2.672164790779238408e-04 2.604743655288527943e-02 1.921632989717363821e-02
5.368684360616993330e-05 3.130742521006761869e-01 1.766534037071472163e-01 9.030440454331606359e-02 5.752410681073259063e-02 2.431870800337013194e-02
5.373275034641530450e-05 3.076670410696695224e-01 1.428700643307738438e-01 2.698351294588424709e-02 2.176341399731848703e-02 2.467330359941772092e-02
1.470732916260611423e-03 3.638475760399939585e-02 1.202355162247158854e-03 3.176173123395705129e-04 1.069740510669668892e-03 1.129025091918209236e-03
1.090696622039936481e-05 2.769368693776899093e-01 8.617422751427716854e-02 6.952587983184503086e-03 6.803627501415084045e-02 2.624245329289295187e-02
2.069707754756537965e-05 4.123783998068214496e-01 3.285505247940226914e-01 2.398832756604156180e-01 1.794175530522751083e-01 1.216798706740473135e-01
1.649657488579897024e-01 2.477467496254178066e-03 3.355316640074434975e-03 1.583689581590931497e-05 6.750622068203337902e-04 2.728023219475338938e-03
5.530139574000207930e-06 3.594380514813685368e-01 2.238754016440653583e-01 7.979407219578746324e-02 1.428774673713039123e-01 2.465397541024372252e-04
8.485986557891645311e-06 7.230093633610576442e-02 2.022619721508958288e-03 4.750349794400842048e-03 1.566472184205414120e-03 1.592355267966130694e-02
5.412565266720065400e-05 3.120291748383142716e-01 2.201174846571490595e-01 1.530008010259519546e-01 1.363916165655770785e-01 6.561931675885940285e-02
8.032663783477457010e-06 3.071610279285538203e-01 1.429753324889110888e-01 5.862820988417456747e-03 4.338819655022746816e-03 1.939230553564152276e-02
5.458193445284951562e-05 4.104855504899309615e-01 2.777263581182371488e-01 1.160689600207412964e-01 1.363916165655770785e-01 6.561931675885940285e-02
5.756170582834492896e-06 3.587223217521876562e-01 2.238754016440653583e-01 7.979407219578746324e-02 5.694716294848561899e-02 2.207976621838945303e-04
5.421906877174515198e-05 1.426723578085469235e-01 5.007326001752049338e-04 1.412748235024250537e-02 1.019388454399534254e-03 3.638442478034023802e-03
1.367505840452921256e-02 6.304320836973686948e-06 5.714051238425503455e-04 5.369813715336472539e-03 7.557908356232030103e-05 2.374712929140571083e-04
2.069707754756537965e-05 4.123783998068214496e-01 2.861504364916657162e-01 2.398832756604156180e-01 1.818456353236995171e-01 1.286786903026539974e-01
2.035032678129579603e-05 4.119853364035083731e-01 2.540133352916816856e-01 2.142558760261059347e-01 1.817148437448155851e-01 1.402980179502307523e-01
4.465421016125274960e-06 3.594380514813685368e-01 2.206231563280436347e-01 7.427859965295796618e-02 5.917146955276166714e-02 6.561931675885940285e-02
5.458193445284951562e-05 4.104855504899309615e-01 2.267716850707978959e-01 1.160689600207412964e-01 1.363916165655770785e-01 6.561931675885940285e-02
1.319951321236140912e-06 3.189826033615564826e-01 2.955448395555109950e-02 1.036107909220230442e-04 8.039688156323467755e-03 1.787472870196823299e-02
2.680918750093980868e-04 2.062965095732073317e-01 5.529222634571785006e-02 4.279687195660078318e-03 5.306415163064881133e-05 1.987733935754566056e-02
1.336515367800827914e-01 2.407982655916032777e-03 1.202355162247158854e-03 3.176173123395705129e-04 1.069740510669668892e-03 1.129025091918209236e-03
6.690329805586123224e-02 2.364024411355334070e-03 5.798687313945129727e-04 2.541751073763325280e-04 1.083452160241519645e-03 3.707130572610967643e-03
7.224913733227030649e-04 1.915364880452033736e-01 4.901996578187304415e-02 5.369813715336472539e-03 2.486467690919563767e-02 2.374712929140571083e-04
2.090033634781847974e-05 3.601066256997589310e-01 3.192394332747656160e-01 2.027374120580785199e-01 1.363916165655770785e-01 6.561931675885940285e-02
8.485986557891645311e-06 8.641370094502051624e-02 2.022619721508958288e-03 1.194413030412538879e-02 1.566472184205414120e-03 1.627296544038411147e-02
1.090696622039936481e-05 2.817425032837869159e-01 1.840071333209743198e-03 6.952587983184503086e-03 6.803627501415084045e-02 2.624245329289295187e-02
5.373275034641530450e-05 3.578355986718685378e-01 1.766243544767445162e-01 1.114420203577863311e-01 1.996385688308108253e-02 2.442155757218269357e-02
4.238625457039860156e-04 1.407110710105805573e-01 3.408819417946226671e-03 2.541751073763325280e-04 1.019388454399534254e-03 3.638442478034023802e-03
2.812860660472893046e-05 4.111914212499684362e-01 2.263759269229376481e-01 1.156657571578024457e-01 1.091322429574923397e-01 3.958457412930836694e-02
1.398142905774750755e-01 2.374932275216241027e-03 5.671278959037233391e-04 2.604995491758179131e-04 5.954579464068359904e-03 8.597692331612579071e-05
2.830489945340083406e-05 4.091312931899019900e-01 3.000973605427851854e-01 1.599673566016216186e-01 1.081613556647209040e-01 6.527106709147405261e-02
4.992818918129102146e-05 4.095025923559803549e-01 3.285762567559537550e-01 2.023181451151898069e-01 1.447497405274107141e-01 1.214524382963692306e-01
6.770001760424681155e-06 3.601189100336194548e-01 3.160410611724513430e-01 2.021062896142190035e-01 1.407564860266120599e-01 1.274327680034480770e-01
