1.795953512479647740e-02 8.568156438579588308e-01 5.041096339564914430e-01 4.403301891026237258e-01 6.575831524263428540e-03 9.974804872982733217e-01
8.213055132730442409e-01 8.718739842153206965e-01 2.693427207772802756e-02 9.998066966856195004e-01 6.403846123352660014e-01 9.054267019106144732e-01
1.932212455152037545e-01 9.952911928677692366e-01 3.141953149023199443e-02 8.035720716298170307e-01 9.761654002183789425e-01 8.385723165416081315e-04
5.545534105687992543e-01 9.453474590340305017e-01 3.079044338262326708e-02 9.837661901047355384e-01 8.226386590339478501e-04 9.963524725486585520e-01
2.806488989520967703e-01 1.079053426473202265e-01 9.526639974716791803e-01 9.097036042489613505e-01 6.366730275495051383e-04 9.947604511279749540e-01
5.588354055661074460e-01 9.684484073584659347e-02 9.164314831893303204e-01 9.990314220198759365e-01 1.103953027806878727e-03 9.962260009946893868e-01
1.932212455152037545e-01 9.951816008260910840e-01 2.119044103930760314e-01 8.035720716298170307e-01 9.718738858317541585e-01 4.336792670858846677e-03
5.445640139680935077e-02 9.883336430037171771e-01 4.765547826275528531e-01 4.747448665138194746e-01 7.662926882208903612e-02 9.946651479757114833e-01
6.671323487802042207e-01 9.978112218580633686e-01 8.660678669663135487e-03 9.987584621863798695e-01 5.844947334437626818e-01 9.762659393272772324e-01
7.828800598748735240e-01 9.619230800344108490e-01 3.023144821059443182e-02 9.941466271912070551e-01 6.170506212907055366e-01 9.912587988099390568e-01
5.588354055661074460e-01 3.830230365197094533e-02 9.700433307836540120e-01 9.874419049107484581e-01 1.103953027806878727e-03 9.962260009946893868e-01
6.968830062074305998e-01 9.652456593495593040e-01 3.087832643036227814e-02 9.827067742183223098e-01 1.141662298166176426e-01 9.964096256587171574e-01
6.006220008005690447e-01 9.983710112468998643e-01 4.271821623310254057e-02 9.987359418776146081e-01 5.845761673556160165e-01 9.762659393272772324e-01
4.918733908499978713e-01 2.299546468706313226e-02 9.874201623038759701e-01 9.708404730859436782e-01 2.502114610465842534e-02 9.991997239623517935e-01
5.133464871787469797e-01 6.980224753548532751e-03 9.984803677304445735e-01 9.837517265768873642e-01 1.253206991424893335e-03 9.988364269674985252e-01
7.127212960303216382e-01 9.923901443109633957e-01 3.516785446288840655e-02 9.968342798576914632e-01 3.177591647180145751e-01 9.984464938787491750e-01
5.709769122096616245e-01 9.418099870650775696e-01 2.122080138271016936e-01 9.097036042489613505e-01 6.366730275495051383e-04 9.947604511279749540e-01
5.720313728722637991e-01 9.748762950715035291e-01 1.803018585327716417e-01 9.816635680471814673e-01 6.787253493641948188e-02 9.578909770723703643e-01
5.303060421731090601e-01 1.912896355907989926e-02 9.748391793770776470e-01 9.991421750065678786e-01 3.383791352225931940e-04 9.945395893985308211e-01
3.497245638530723788e-01 2.328468026847257955e-02 9.639738959781072314e-01 9.377330111348070041e-01 1.988669678343990554e-03 9.909386815346357125e-01
1.932212455152037545e-01 9.923477896381267538e-01 1.682998123503883503e-01 8.214799635949749934e-01 9.998031468243449016e-01 4.664554836086887146e-02
6.311371416906100817e-01 9.473132161571875542e-01 3.085155634630401544e-02 9.827067594077092405e-01 1.123968080757717508e-01 9.687491750205209362e-01
4.487446708338886925e-01 2.177362910428115583e-02 9.752540222063230679e-01 9.912315436347327591e-01 1.988669678343990554e-03 9.911525182717629834e-01
7.157461532898761192e-01 9.237577659379576644e-01 8.741009754187289982e-03 9.998704303480777655e-01 5.599380945615270999e-01 9.921883066303703869e-01
7.401053212894258548e-01 9.466478640305688863e-01 1.477656524603323390e-02 9.886324758034772398e-01 5.858039909149245217e-01 9.815805347448044449e-01
6.706093124046891285e-01 9.750687072737987959e-01 1.409301388748690834e-02 9.808330106014410132e-01 8.252314461863047290e-02 9.925016305180789367e-01
6.269053986321525551e-01 9.841064568059914031e-01 8.360395790224999651e-03 9.940141212904728407e-01 1.135369374600820325e-01 9.907087552290886334e-01
4.231380967294910422e-01 2.756924202471465468e-02 9.968525934235135111e-01 9.833938121313248182e-01 2.469426978501793046e-02 9.972639015147416464e-01
7.136169465910229270e-01 9.984388247272236727e-01 8.741009754187289982e-03 9.998704303480777655e-01 5.965513571618968891e-01 9.971317472407151827e-01
2.806488989520967703e-01 7.814267629766857848e-02 9.648735392528783317e-01 9.825320576269536144e-01 1.232302937558057239e-03 9.987786450600609767e-01
8.213055132730442409e-01 9.093041847251014387e-01 1.534166478867171612e-02 9.998066966856195004e-01 6.403846123352660014e-01 9.955960829522013666e-01
4.701189325633615135e-01 6.980224753548532751e-03 9.634232000531329776e-01 9.833938121313248182e-01 1.010714766275733201e-03 9.955973835596920729e-01
3.123931543570603320e-01 1.390314568985462351e-02 9.502366832933606400e-01 9.923188830882210265e-01 1.887438447382754070e-03 9.987563422763084953e-01
4.365363637145091569e-01 3.422769797025765337e-02 9.302498222055575194e-01 9.838376925762953862e-01 1.498205527211564879e-02 9.946542813329370958e-01
7.031239932550942262e-01 9.923901443109633957e-01 3.537957525744515885e-02 9.962273311735490022e-01 3.094922924200820269e-01 9.984464938787491750e-01
4.754063673440985793e-01 6.980224753548532751e-03 9.815533982960088499e-01 9.833918997170193466e-01 1.839044874675621610e-03 9.971400062930696473e-01
7.400015979632383889e-01 9.956254979998552246e-01 1.165623538232381240e-02 9.861130109022711032e-01 5.943946926752403659e-01 9.526149199745216345e-01
3.604475793956670171e-01 3.830230365197094533e-02 9.644653528034129453e-01 9.934770725588714102e-01 2.789415378473408466e-02 9.973063084103693798e-01
5.900625133108522435e-01 9.703142176579085953e-01 4.027606197789421194e-02 9.961756101605522273e-01 8.240620923306868351e-02 9.998633525509466047e-01
3.147900800587493664e-01 9.760868597716022832e-02 9.520535449535820760e-01 9.141717100059085777e-01 3.551332576186878734e-04 9.972223037667196088e-01
8.065342144204871166e-01 8.801187708264235354e-01 7.289266318432330305e-02 9.998066966856195004e-01 6.403846123352660014e-01 9.955960829522013666e-01
4.057401388449930479e-01 2.177362910428115583e-02 9.750827710449655461e-01 9.891175425982833280e-01 1.988669678343990554e-03 9.910131774876848043e-01
6.170796337682589172e-01 9.450476186437183346e-01 1.492197506973754959e-02 9.920672459422500422e-01 8.210008864020054697e-02 9.998633525509466047e-01
4.021858324116658334e-01 4.875520597645553039e-02 9.985265423644003047e-01 9.837661901047355384e-01 8.375837986670345596e-04 9.945395893985308211e-01
6.188341844835769656e-01 9.451015479258035867e-01 3.896067597312868891e-02 9.889155908234620318e-01 8.212341961524480261e-02 9.910158621450372296e-01
5.734411375239183428e-01 9.921739722887832347e-01 1.306103261637769908e-03 9.904211022700731837e-01 1.160851379596066213e-01 9.975121803607325255e-01
5.296719265239369090e-01 6.980224753548532751e-03 9.817987450868732591e-01 9.834000011392779461e-01 1.839044874675621610e-03 9.971400062930696473e-01
5.993365937805900101e-01 9.385005346686617900e-01 2.616887796885442041e-02 9.917769884180385187e-01 1.106876689936570068e-01 9.762659393272772324e-01
6.806703862133790528e-01 9.952239554989307235e-01 3.087832643036227814e-02 9.827067742183223098e-01 1.311067940348789318e-01 9.964096256587171574e-01
8.213055132730442409e-01 8.718739842153206965e-01 3.309420703373422423e-02 9.998066966856195004e-01 6.738432057749161874e-01 9.054267019106144732e-01
