1.960657123006167013e-01 7.930422590279428974e-03 9.686918836090546714e-04 4.465664419597697998e-04 1.011073782621583778e-04 6.584297724161760311e-04
7.318211689982681914e-07 3.870545517040930861e-01 3.065333273300246408e-01 2.076581609728094802e-01 2.652892222686792367e-01 2.651272530795003024e-01
1.555952375320767411e-01 2.945642552834440604e-03 1.027276397679287648e-03 2.755902191000053625e-03 1.007530917625242581e-04 2.275935561710822530e-04
1.960657123006167013e-01 7.930422590279428974e-03 9.686918836090546714e-04 4.465664419597697998e-04 1.148891477123972771e-02 6.584297724161760311e-04
1.536840404453376080e-02 5.315087987793360585e-05 5.435996164589590451e-04 8.065879497150749144e-04 3.028984917680089227e-04 2.268112895945631133e-04
1.422159408165675487e-01 1.602814937582857854e-03 1.027276397679287648e-03 7.149966430774939486e-05 1.007530917625242581e-04 1.478238197018238304e-04
5.292803614627442782e-02 7.528290442849853992e-04 8.426581734858966041e-03 4.886529614771693755e-04 1.690587168157244718e-02 3.084715794088983831e-03
5.205325422501169968e-07 3.964016660761238153e-01 3.100482322363475318e-01 1.881863482035586732e-01 1.813870327959323236e-01 2.025760640535562984e-01
1.046448632456503380e-01 3.940105983523895308e-04 1.190345894340719525e-03 1.103267660630505602e-04 3.530207104079220010e-04 2.248672140831961715e-04
1.267702497803390171e-01 2.500278270043687374e-03 8.806984495165086357e-03 4.898888276205690378e-04 1.007530917625242581e-04 1.523951852484429353e-04
7.318211689982681914e-07 3.961224977445141904e-01 3.065333273300246408e-01 1.893326185311385301e-01 2.652892222686792367e-01 2.651272530795003024e-01
4.497079434004889499e-05 4.029885612240241000e-01 2.412876463987456976e-01 7.971029303891974394e-02 8.251270155642553839e-02 1.166953383496829311e-01
3.703369330621041153e-05 3.629410528868997066e-01 2.699722945651593653e-01 1.858840309826272630e-01 1.136334923044302336e-01 1.994613629875215399e-01
1.204330815907874613e-07 3.790670202252545695e-01 1.802892790317750515e-01 1.886371517425803057e-01 9.614394386187471997e-02 1.860563115085680508e-01
1.278504300050152254e-01 2.164861211330360025e-05 1.027276397679287648e-03 5.635459613933324965e-04 1.011073782621583778e-04 6.584297724161760311e-04
1.000910633857156479e-01 3.918178157783771751e-04 2.342009065014185806e-03 1.290474695196747667e-04 3.660435220802566087e-05 2.313158556335279548e-04
1.204330815907874613e-07 3.962209013716042616e-01 1.802892790317750515e-01 1.886371517425803057e-01 9.580624448960517459e-02 1.983778443689149240e-01
1.123126872146478633e-06 3.092015746953665212e-01 1.048410329746792546e-01 1.568995499629799451e-03 1.727357083749334055e-02 8.859223732142072760e-02
8.830371261775910030e-02 2.054779735684297837e-05 1.027276397679287648e-03 5.635459613933324965e-04 1.011073782621583778e-04 6.584297724161760311e-04
4.769562860414412980e-06 2.225649552333038850e-01 1.192978829259656870e-02 5.069864362131259105e-04 1.857182794056766797e-02 1.111841169044596594e-02
3.703369330621041153e-05 3.988395917852973760e-01 2.887741473709842244e-01 1.352938087561470493e-01 1.129515729124789675e-01 2.272050997914280557e-01
7.313665304224663266e-02 1.190874673783808187e-02 2.335111529812917454e-03 8.065879497150749144e-04 3.320629766724292851e-04 2.268112895945631133e-04
1.123126872146478633e-06 3.869516579165594994e-01 2.137341868869523931e-01 5.268756645962563434e-02 5.427091431822340939e-02 1.672148755016814037e-01
7.432684766176840671e-05 2.576867273198308883e-01 1.050482363538179642e-01 4.995929462257639583e-04 3.574235493116923856e-03 1.981154177924590587e-04
2.433462027200531912e-05 9.141430975267016146e-02 9.853341666785239705e-03 3.974563251575753686e-04 1.833426879191770581e-03 1.885926367158490468e-03
6.591425419214012871e-02 1.328378034700045986e-02 7.341523484000241767e-03 1.785485030588103460e-04 8.848747882073341574e-04 2.807754273542465134e-03
5.399462777038682835e-06 2.907046839399936022e-01 1.753121929722187833e-01 1.866047320051068131e-02 5.056892932609712010e-04 8.816248684259936352e-02
4.769562860414412980e-06 2.225649552333038850e-01 8.603618530767195849e-02 1.908021788298762400e-03 8.915309729551915141e-03 1.111841169044596594e-02
5.058912391339117812e-06 2.770710823473971907e-01 1.528412034442583056e-01 1.849145013011004035e-02 1.526095072738711637e-02 2.154763375731601205e-02
2.470467292922662317e-05 1.186775172093540720e-01 5.908437481278071973e-02 5.732818790527436032e-04 1.839946451625917162e-02 2.703225962064170415e-02
6.158399353487884614e-02 2.412928531394353815e-03 8.518927683050705330e-03 4.017240791931416866e-04 1.528121491869597476e-02 3.550206668560821049e-03
3.703369330621041153e-05 9.159476409420247434e-03 1.888597088036272909e-02 3.321969751650472036e-03 1.660579998730653262e-02 3.547329131706050687e-03
5.703625400799995232e-06 3.192838528444104096e-01 2.137341868869523931e-01 1.901067530009132103e-02 5.253002575321041867e-02 8.877621016643164054e-02
2.433462027200531912e-05 1.186775172093540720e-01 9.853341666785239705e-03 5.724993933871720892e-04 1.839946451625917162e-02 8.671543912961248140e-04
1.829861795348188618e-07 3.585058039981399158e-01 1.802652175737625151e-01 5.187726125225380902e-02 8.312445858227851536e-02 1.692496239532794156e-01
4.841276756624168933e-06 3.194537563881616471e-01 1.481358899323498290e-01 1.238293425824714411e-02 8.312445858227851536e-02 9.780921451244216358e-02
2.470077866769019941e-05 2.576867273198308883e-01 1.050482363538179642e-01 2.085171091627261580e-03 5.049906376695713350e-02 3.074043478653587513e-04
1.536840404453376080e-02 9.049544948230292540e-03 5.435996164589590451e-04 8.065879497150749144e-04 3.028984917680089227e-04 1.927127941416721321e-03
2.434021092931969613e-05 1.186775172093540720e-01 5.840888806739089750e-02 3.956245569874090678e-04 8.254709525617350691e-03 2.703225962064170415e-02
8.093444018477216617e-02 2.945642552834440604e-03 1.027276397679287648e-03 5.635459613933324965e-04 1.007530917625242581e-04 2.275935561710822530e-04
1.834880533709663808e-03 2.426125126159984265e-03 1.027276397679287648e-03 1.575314505587992880e-05 1.007530917625242581e-04 1.478238197018238304e-04
7.856216780310004699e-02 1.190874673783808187e-02 2.335111529812917454e-03 8.065879497150749144e-04 3.320629766724292851e-04 2.268112895945631133e-04
3.761059160924968149e-05 3.962209013716042616e-01 3.098417916604194189e-01 1.885945071947004170e-01 1.243433125636879133e-01 1.983778443689149240e-01
4.497079434004889499e-05 2.965047909730373910e-01 1.639301685311171097e-01 1.540806825592884455e-01 9.415797281683460640e-02 1.351485443820018562e-01
3.820269074657825357e-05 2.890145697002402536e-01 1.791866483151921263e-01 6.272866858791560640e-02 8.065738399379311641e-02 1.422755506928280456e-01
7.432684766176840671e-05 2.576867273198308883e-01 1.061623893716088368e-02 4.995929462257639583e-04 3.592482468269569094e-03 1.981154177924590587e-04
1.123126872146478633e-06 3.051835098594306017e-01 2.137341868869523931e-01 5.091023561843252554e-02 5.253002575321041867e-02 1.672148755016814037e-01
5.292803614627442782e-02 6.786826032076512596e-04 6.676268426738865558e-04 5.623100952499328342e-04 1.690587168157244718e-02 3.091019364829065801e-03
8.637016462455790466e-02 3.940105983523895308e-04 1.190345894340719525e-03 1.103267660630505602e-04 3.530207104079220010e-04 2.248672140831961715e-04
2.868814652092045123e-06 3.027513118667992664e-01 2.208736316481651474e-01 5.091023561843252554e-02 8.216397503167935379e-02 1.094896104901422751e-01
