3.543431454037376804e-05 4.872564841529847257e-01 2.494190500904786556e-01 3.868778425223010631e-01 2.732670425160358962e-01 3.797358355200048941e-01
2.135071920717018512e-01 5.760285828821792853e-03 4.535071288334891447e-06 2.860563366111068540e-06 5.347139646832808554e-03 9.646843035380314561e-04
9.318498185675878898e-02 1.631616560693161661e-02 1.986662474881922130e-03 2.489921747947747115e-03 1.766081642626438769e-02 3.466038777812392464e-03
1.823983276085900385e-01 4.610970449035736718e-02 1.567731989717796159e-03 5.266229495214608952e-02 1.150269705615050882e-02 1.797563359014035800e-05
2.048594112158151903e-01 5.068779585291881967e-02 6.546181427457830075e-04 2.860563366111068540e-06 1.312413048374871417e-02 9.646843035380314561e-04
6.764905746525891328e-02 2.839834522042474635e-03 1.607309409633498470e-03 1.622654020452243828e-02 5.407762262136964031e-03 1.077495786785729595e-03
1.827004016466524106e-01 5.068779585291881967e-02 1.541998844498521396e-03 2.860563366111068540e-06 1.154669687752934819e-02 1.384142286925009241e-05
3.599132026049431388e-05 2.405513575292809736e-01 6.679609317694623627e-04 1.762372755478196912e-02 5.055083566229273684e-03 1.054009072263495383e-03
6.488762463343776543e-02 5.142052121982718105e-02 3.703861040298718488e-03 1.806995522632280637e-02 5.055083566229273684e-03 9.995278909322030669e-04
3.176744148426476413e-05 3.155324357915745837e-01 3.459424331787547963e-02 1.462900882741016151e-01 5.675056263424627101e-02 1.488660842205186685e-01
3.599132026049431388e-05 1.776068108123615430e-01 6.679609317694623627e-04 2.177620364802573122e-02 4.341327001739510305e-03 6.266389194769392268e-03
3.543431454037376804e-05 4.871477748627247584e-01 1.269398618201648121e-01 3.868778425223010631e-01 1.957318837455996330e-01 3.600542515626393714e-01
4.698811158202376333e-08 4.866479321149123627e-01 2.103536321812914112e-01 4.039319886467567233e-01 2.362156165752403447e-01 2.995644016242873797e-01
2.305733606038774092e-04 3.025587776303355625e-01 6.151149800457532402e-02 1.440261505583233792e-01 6.262599196290319706e-03 1.130415369440890550e-01
7.234143996906645946e-05 4.863495534572634393e-01 8.794672071838487148e-02 2.471386942104113471e-01 1.027735057063090401e-01 2.995192647241619044e-01
3.594814623910020431e-05 4.854686300191813353e-01 1.438633573693577916e-01 3.480548855476425785e-01 2.182853623489608152e-01 2.964402201041512197e-01
7.779099144300354041e-05 4.061820716093106909e-01 2.424930369156653651e-02 1.875600668008301497e-01 8.404683020332287535e-04 1.731598940396432973e-01
1.293130910036155998e-05 1.119591283560079920e-01 9.997112543990238978e-04 1.762372755478196912e-02 2.825085765803793392e-02 1.690023431697702458e-02
7.505570383862588020e-04 2.335762164728170109e-01 1.977345100031575181e-02 1.952487971756245236e-02 1.145621443691326354e-02 5.852346336582443798e-02
2.371961416130646556e-04 3.242885779690651837e-01 4.941831867514054344e-02 4.468812920068325478e-02 8.246364481224404894e-03 9.602279278743716673e-02
3.790451065474643999e-02 5.267366189864730597e-04 4.166639656799254270e-06 9.251379572153477920e-03 2.313433162379787550e-02 3.067870262973958900e-04
3.468888544085664159e-04 3.605973740145907991e-01 2.424930369156653651e-02 1.854070835355362545e-01 1.285730673992108719e-01 1.777426482058532264e-01
7.086339326526562392e-05 4.104207123176581984e-01 7.881624594197612910e-02 2.401635250743759387e-01 1.428657007949072633e-01 3.018729411646538519e-01
7.086339326526562392e-05 4.501901719372009003e-01 8.666323806022557807e-02 3.431937953007532793e-01 1.285698978939806281e-01 2.915987790557039716e-01
2.273623971943361521e-03 7.528281022027996650e-02 1.392218249961060111e-02 5.573254869864194272e-03 2.310009833741512308e-02 1.693484661438075800e-02
8.758220950829525024e-06 4.387452233061081563e-01 1.408357664583786972e-01 1.824054939636385875e-01 1.668404322640512083e-01 1.764952292936658451e-01
2.371961416130646556e-04 3.781469978628174688e-01 4.791765385926646803e-02 1.095616807382609331e-02 8.246364481224404894e-03 9.602279278743716673e-02
3.468888544085664159e-04 3.605973740145907991e-01 2.424930369156653651e-02 1.875802054831232080e-01 2.661839319138450954e-03 1.777426482058532264e-01
3.543431454037376804e-05 4.872505681046853110e-01 2.494190500904786556e-01 3.868778425223010631e-01 2.732670425160358962e-01 3.600542515626393714e-01
1.880149882172932536e-04 4.788374853466513814e-01 2.191519670964674205e-02 1.854070835355362545e-01 1.169553892251302268e-01 1.777426482058532264e-01
2.072486627986243335e-02 3.270835721055687095e-03 6.187302160184912636e-03 1.972583717424252273e-02 5.407762262136964031e-03 3.774614599283333816e-03
3.543431454037376804e-05 4.789476491728443253e-01 1.269398618201648121e-01 3.788219996331908535e-01 1.752033260541741577e-01 2.821366334730437408e-01
3.468888544085664159e-04 3.760443884727989738e-01 3.238570462596110366e-04 1.875802054831232080e-01 2.661839319138450954e-03 1.555588316696359663e-01
7.505570383862588020e-04 2.335762164728170109e-01 1.886383172765113830e-02 5.493663466384229171e-02 1.381781625734865293e-02 7.716052135432555081e-02
1.855227251074263901e-04 4.788374853466513814e-01 2.423586363819855635e-02 1.854070835355362545e-01 1.455232301463088018e-01 1.777426482058532264e-01
2.555759239003792260e-02 2.839834522042474635e-03 1.542903949743532066e-03 1.622654020452243828e-02 5.407762262136964031e-03 4.173160597235789880e-03
6.504751983810854257e-05 4.772116122851300934e-01 1.230030217460613695e-01 3.431937953007532793e-01 1.285698978939806281e-01 3.319176303980068132e-01
3.891650830738724309e-03 5.760285828821792853e-03 3.064255312718310335e-04 1.124887825166259736e-02 5.347139646832808554e-03 7.888357867506756022e-03
6.504751983810854257e-05 4.772116122851300934e-01 1.230030217460613695e-01 3.431937953007532793e-01 1.285698978939806281e-01 2.857439723033572410e-01
6.893776752846372813e-03 2.839834522042474635e-03 1.542903949743532066e-03 1.622654020452243828e-02 5.394806848043188011e-03 4.173160597235789880e-03
3.418535645570399599e-05 4.871445022851124129e-01 2.139068217039953312e-01 3.868778425223010631e-01 2.732670425160358962e-01 3.352757379541011495e-01
5.800068818362195955e-05 4.870152448386870225e-01 2.404273814068520060e-02 8.166744410876497495e-02 9.533923612340085285e-02 1.650333416770458084e-01
2.371961416130646556e-04 2.570562729589083162e-01 8.575489827618090755e-02 5.493663466384229171e-02 1.395264232618320319e-02 9.602279278743716673e-02
1.880149882172932536e-04 4.393055822812367284e-01 2.191519670964674205e-02 1.850508274377506979e-01 1.169553892251302268e-01 1.765194313867788911e-01
7.086339326526562392e-05 4.772116122851300934e-01 8.666323806022557807e-02 3.431937953007532793e-01 1.285698978939806281e-01 3.018729411646538519e-01
8.758220950829525024e-06 4.782771263715227539e-01 1.408357664583786972e-01 1.827617500614241441e-01 1.668404322640512083e-01 1.777184461127401804e-01
1.348440284365093333e-03 5.142965521706446830e-02 6.679609317694623627e-04 2.177620364802573122e-02 5.055083566229273684e-03 1.054009072263495383e-03
2.371961416130646556e-04 3.781469978628174688e-01 4.363919077045347317e-02 1.218326873347346830e-02 8.246364481224404894e-03 6.361023749772917735e-04
5.299872994103823308e-06 2.992565696297919686e-01 3.439960852895978388e-02 1.602558274784236444e-02 1.145621443691326354e-02 5.906925084311832885e-02
3.418535645570399599e-05 4.871445022851124129e-01 2.139068217039953312e-01 3.868778425223010631e-01 2.732670425160358962e-01 3.316439062183905717e-01
