8.048362256769941991e-01 8.464507414191159151e-01 3.709388696304030675e-02 9.849015612068171555e-01 6.334891450442916572e-01 9.589222766142775356e-01
2.139575019987217663e-01 1.597433811405436499e-01 9.722581258154224804e-01 7.596231645133162402e-01 7.598511350957459776e-04 9.999530302130718029e-01
5.480721213235454359e-01 1.621504374893946443e-02 9.941065652397645946e-01 9.907279690316913578e-01 2.359460569254312001e-04 9.972888918044191531e-01
5.760647617325672654e-01 7.694200765906201722e-01 5.055638715957295748e-01 9.958366524454953517e-01 1.263378995985911524e-02 9.979381638737019333e-01
2.780599214897592764e-01 1.147829717738701183e-01 9.852174128069955961e-01 7.725808132772241654e-01 7.598511350957459776e-04 9.999784748368830689e-01
4.852602525441727654e-01 4.638989744523223935e-03 9.922554070935967196e-01 9.792451144114258099e-01 1.097948064993076959e-03 9.964964748589634214e-01
7.599488106732116277e-01 9.454737231143029996e-01 5.513634037532649801e-02 9.730192984038176229e-01 4.813699792813965761e-01 9.974987127069299131e-01
7.950870510451455431e-01 8.329174277726051345e-01 1.557758968641283215e-02 9.702607263837650375e-01 6.496969739902634933e-01 9.974617982105844494e-01
7.218620264859632041e-01 9.607204895117262833e-01 1.834334073306030932e-01 9.974785327825154146e-01 2.259224670882925279e-01 9.994833766576124434e-01
7.478601612665602971e-01 8.211308509835490987e-01 1.698043176991220760e-02 9.686376601632632477e-01 3.012270553636370862e-01 9.945615586555380805e-01
6.084360172631677610e-01 8.005327735778320353e-01 2.919662720146172785e-01 9.980230141004790001e-01 3.745342282155431080e-02 9.965051131786754057e-01
5.185670338070148544e-01 1.533867372142464630e-02 9.951504971036294611e-01 9.889163649327757932e-01 2.359460569254312001e-04 9.972888918044191531e-01
7.128543003100187292e-01 9.394505019604381113e-01 1.536775662137105682e-02 9.906150529309833974e-01 2.693778167366220888e-01 9.623373710704004047e-01
6.249049949307041718e-01 8.315867828209546619e-01 1.833287924391437951e-01 9.969922381253042420e-01 1.190288541999678928e-03 9.999240625197065579e-01
4.640805822694107907e-01 6.019745218420823052e-03 9.919587026768807991e-01 9.791400988247905834e-01 1.559340526740171651e-03 9.965003457243457596e-01
4.477617413431576598e-01 4.934407514617072943e-02 9.919604368825376550e-01 9.712017842915272592e-01 2.316008605207660071e-03 9.979811872233450565e-01
6.033905463415231152e-01 8.539522892897101203e-01 7.846083311453508347e-02 9.968838262872897760e-01 6.434061146574532319e-02 9.964869937428437741e-01
6.200640267647296033e-01 8.315867828209546619e-01 2.058314121622651371e-01 9.725190921753951168e-01 1.497500643589864122e-01 9.953773628155110353e-01
3.135041698556231826e-01 4.778177955485814893e-02 9.768675841997142006e-01 9.484016342782967124e-01 3.455412864430111412e-03 9.995680041671521909e-01
6.423973916246523697e-01 9.607204895117262833e-01 1.419057822024194504e-01 9.975316849608412140e-01 1.544758576339506917e-01 9.994833766576124434e-01
2.777792735633218824e-01 5.450437544063601453e-02 9.922593891196388460e-01 8.418503068937205347e-01 2.389740346415952787e-03 9.965191693091881575e-01
4.046498328199991668e-01 5.423567597952590885e-02 9.195236040883956186e-01 9.779484704503235148e-01 1.766562138004101890e-02 9.813638530385685455e-01
6.349252994806218187e-01 8.168579693838795563e-01 1.808941818384732780e-01 9.974785327825154146e-01 1.672210932900810298e-01 9.992445478621083677e-01
6.084360172631677610e-01 8.151719168752069589e-01 3.352139118245720528e-01 9.940975774483535865e-01 2.468524476930716860e-03 9.965544380169816252e-01
2.770101276562775827e-01 2.476770424343602978e-02 9.919761104618355363e-01 9.214289259433877666e-01 2.100402208013818148e-02 9.999999750486400218e-01
3.484848152828904366e-01 5.491667776990840494e-02 9.919604368825376550e-01 9.758510510661473347e-01 1.066581501007980368e-04 9.983801830062102312e-01
7.599488106732116277e-01 8.298051949632989643e-01 3.851237027515941325e-03 9.920846997765548902e-01 5.958929459464659129e-01 9.954385062993089672e-01
7.263724702578591153e-01 9.674223474895652375e-01 1.723462808246417621e-02 9.686376601632632477e-01 3.012270553636370862e-01 9.945635261141575478e-01
3.845320073789517124e-01 5.427289633404600716e-02 9.737150279581658907e-01 9.706042373939997026e-01 3.409208112044020272e-03 9.991024485358911411e-01
6.200640267647296033e-01 8.315867828209546619e-01 3.562623277623966356e-02 9.725190921753951168e-01 1.555056374917331286e-01 9.956441421710340300e-01
3.265394829166804458e-01 4.638989744523223935e-03 9.930655130289818278e-01 9.824889580827267377e-01 2.573416588440582096e-03 9.998845108507279367e-01
5.280326608471316296e-01 1.621504374893946443e-02 9.951300943549216127e-01 9.889163649327757932e-01 2.359460569254312001e-04 9.972888918044191531e-01
6.806483638628750832e-01 9.810254499562695019e-01 1.868212793133611910e-02 9.688123239124587505e-01 3.012270553636370862e-01 9.589788688749940615e-01
6.423973916246523697e-01 9.446770063802037987e-01 1.423472757968323732e-01 9.975316849608412140e-01 2.188530417780895632e-01 9.994833766576124434e-01
2.953740512235210058e-01 2.453913792196391400e-02 9.919757293998173742e-01 9.214289259433877666e-01 2.660056685865590242e-02 9.999998433246469753e-01
4.275115972891666560e-01 4.410984966444382593e-02 9.950350599599159240e-01 9.748318664075669160e-01 7.142066040094312285e-05 9.968782332583172590e-01
6.037172094798064492e-01 8.194002634596728729e-01 4.095425340403539005e-01 9.919442675988168201e-01 2.242234091507284977e-02 9.999260156464522264e-01
5.856656004973109786e-01 8.175188801230660607e-01 3.359690420257049337e-01 9.980273017045605544e-01 2.327474114389950846e-02 9.964564645408274801e-01
3.979458329736887956e-01 5.423567597952590885e-02 9.186777711211222552e-01 9.714194203067585409e-01 1.766562138004101890e-02 9.974917557171100180e-01
5.874082531561400922e-01 7.876065115169209596e-01 3.887525228293951529e-01 9.918989818778801704e-01 1.307463741568072602e-04 9.984455221827265303e-01
3.705119237832765200e-01 5.431252296535706708e-02 9.910230170243370384e-01 8.924581457777286397e-01 2.301981256601245279e-03 9.973689605611842923e-01
5.691051636322880247e-01 8.175524214905603992e-01 3.242704367058716897e-01 9.983318201831719030e-01 6.845696191390571866e-04 9.981312103996323737e-01
6.682400066405701500e-01 8.603286078099953160e-01 1.833279209678440325e-01 9.982729452825224170e-01 1.612678727090882114e-01 9.942930688026554442e-01
6.415780791291276763e-01 9.604895496127173748e-01 1.962831459022300606e-01 9.975325230215826844e-01 5.888427745048192552e-01 9.992711087939529779e-01
6.684658292732157392e-01 9.723588681275927570e-01 1.833287924391437951e-01 9.967998194098555143e-01 3.260647272918030248e-01 9.943168272351252668e-01
3.699834446074815597e-01 5.423567597952590885e-02 9.707229022076259151e-01 9.715381389017905267e-01 1.766562138004101890e-02 9.954315493095805545e-01
4.275115972891666560e-01 4.410984966444382593e-02 9.951292549064735260e-01 9.992014352442468716e-01 7.142066040094312285e-05 9.972932795867935907e-01
6.423973916246523697e-01 9.559397721751641264e-01 1.423472757968323732e-01 9.975316849608412140e-01 2.571807626827761761e-01 9.994833766576124434e-01
6.676165377719355254e-01 9.810254499562695019e-01 1.806091847577501186e-02 9.536198749487317938e-01 3.405099092851583409e-01 9.959985081205537938e-01
5.691051636322880247e-01 8.175524214905603992e-01 3.359690420257049337e-01 9.981980067716251792e-01 6.845696191390571866e-04 9.981478905304732585e-01
