9.630871052758893658e-02 6.230961655606611638e-01 5.087758598344089833e-01 8.388075358972268969e-02 8.529201921426527999e-01 2.611498697138955882e-01
9.972968132146827758e-01 7.021461499618071311e-01 5.676301327861204005e-01 4.488291057342209123e-01 3.069550398759082199e-01 2.279823291305522470e-01
8.576857833671662767e-01 4.992423961097613438e-01 2.402135946119589582e-01 1.823091655469032402e-01 8.456521707197428572e-02 5.544871044266478366e-01
5.094246968617354154e-01 5.555555576372839255e-01 8.347346676402354060e-01 7.736128341402929154e-01 9.942335479991606384e-01 5.353455442244069440e-01
3.688550733704787921e-01 6.242986641710767115e-01 8.068068232267611162e-01 6.034334846949911402e-01 9.965025672547787039e-01 3.910015338536333429e-01
3.324792172523682310e-01 5.750768701493766955e-01 8.539368252992407538e-01 5.440037364875203174e-01 9.979236850315520435e-01 3.910015338536333429e-01
9.630871052758893658e-02 6.694962823975898480e-01 4.498951687181179659e-01 8.490077092914533052e-02 8.607152790791207098e-01 2.523323701154765453e-01
4.789564628313296435e-01 6.032166247097238143e-01 8.423640640790531764e-01 7.258216059523340258e-01 9.999691807580485259e-01 4.651897533746649493e-01
8.760728530052469543e-01 4.992423961097613438e-01 2.402135946119589582e-01 2.819283777261185620e-01 9.644569450849682646e-02 5.672345174880257801e-01
3.233479341009552477e-01 6.036058012313193499e-01 8.240546077326083019e-01 5.106953651472242450e-01 9.998766172345465719e-01 3.910015338536333429e-01
1.057356643486045827e-01 7.050011901959716276e-01 1.852063908503535639e-01 1.051516931443893382e-01 8.904776618984614478e-01 2.528204821091069587e-01
2.872697326421604358e-01 5.782214293315567355e-01 7.391004712993455295e-01 3.830001976819163434e-01 9.993703362105115229e-01 3.842785303156378562e-01
8.686189569513116382e-01 4.900310496962653195e-01 2.157508825585950918e-01 3.441038584509896747e-01 1.235724187288517323e-01 5.330393276846943085e-01
9.722814914021697952e-01 6.719487790888023504e-01 5.664553875302726915e-01 4.440082775738412035e-01 2.005838698734270786e-01 2.103965617759357976e-01
5.080351215443227320e-01 5.012993794210105492e-01 8.238613840401920463e-01 7.135507139014426459e-01 9.999467509350865591e-01 4.718338202195691000e-01
3.676816764541210314e-01 5.790571779026372212e-01 7.661151835687585177e-01 5.269410287890939903e-01 9.996853871909560096e-01 3.910015338536333429e-01
4.018625073711890039e-01 6.025295546991743523e-01 8.240443270009716326e-01 6.800271462102839282e-01 9.995639775915496905e-01 3.910015338536333429e-01
4.442165309199752055e-01 5.763239135537456814e-01 7.662040997383141594e-01 6.756005131280360398e-01 9.979932253682902710e-01 4.665567972810983899e-01
9.100592677689994803e-02 6.299213838582354841e-01 3.035659375810456084e-01 7.740018381444643825e-02 8.981688649598069674e-01 1.766282497981649935e-01
9.573803890489603896e-01 6.170644228096923145e-01 5.191403608737068520e-01 4.641172870322263777e-01 1.228174813301957102e-01 4.120681442707758158e-01
9.313466859341644755e-01 6.130304407455166027e-01 5.796433990478941922e-01 3.989969087079991428e-01 3.407504913646736133e-02 4.290024844420622929e-01
2.821124936364303171e-01 6.025036035557683745e-01 7.755338895674457333e-01 4.518627403522297303e-01 9.879072029320667969e-01 3.910015338536333429e-01
3.106999955459995855e-01 5.791793175640777003e-01 7.659745976826932701e-01 5.148815384283670360e-01 9.994119484635499706e-01 3.910015338536333429e-01
9.418709023853860662e-02 7.090380402276328375e-01 4.445951467161216586e-01 7.740018381444643825e-02 9.286007786343478676e-01 2.281813860155763873e-01
4.096646088679065656e-01 5.998270522536693905e-01 8.657985625071451530e-01 7.002652270380470556e-01 9.990060512930992731e-01 4.742640516306259046e-01
3.106999955459995855e-01 5.790571779026372212e-01 8.191153753626778666e-01 5.148815384283670360e-01 9.993947284516114804e-01 3.910015338536333429e-01
9.814774329938062980e-01 6.280505558506279673e-01 5.676301327861204005e-01 4.205719728695687665e-01 3.574886555375541008e-01 2.366777621260043041e-01
2.889038830634229060e-01 5.782214293315567355e-01 8.186275468142393263e-01 5.127152907006017335e-01 9.993691121474911343e-01 3.845553854105713820e-01
8.686189569513116382e-01 5.685756397820794783e-01 2.157508825585950918e-01 4.180754572434289829e-01 1.235724187288517323e-01 5.330393276846943085e-01
8.746774178796931087e-01 4.900310496962653195e-01 2.563094180952734669e-01 3.441038584509896747e-01 1.235724187288517323e-01 4.731088932279072234e-01
4.109090624901877153e-01 5.998270522536693905e-01 8.366101518545578930e-01 7.116139192908852440e-01 9.990060512930992731e-01 4.742640516306259046e-01
3.796559599814919306e-01 6.054621924754148843e-01 8.057370413725991609e-01 6.800271462102839282e-01 9.998697452609082159e-01 3.910744754411045188e-01
2.888207967634813245e-01 5.791327472992132686e-01 8.201439504927986457e-01 4.840578327185980356e-01 9.993947284516114804e-01 3.910250173422197828e-01
3.676816764541210314e-01 5.790571779026372212e-01 7.661151835687585177e-01 5.145186440360312030e-01 9.996853871909560096e-01 3.910015338536333429e-01
3.793496472876760617e-01 6.041255795542689322e-01 8.334211064956206227e-01 6.224476146208127725e-01 9.998884469430869837e-01 3.910015338536333429e-01
9.722871231121545943e-01 5.663844104757095321e-01 5.983255593423529861e-01 4.162524514827063427e-01 1.995860064450972748e-01 4.106446818489263295e-01
2.893832875303756769e-01 5.774108959899033611e-01 8.389974003672662217e-01 4.215254414256355275e-01 9.986443401578269929e-01 3.099327386856489674e-01
9.100592677689994803e-02 6.299213838582354841e-01 2.946369564484691561e-01 7.740018381444643825e-02 8.981688649598069674e-01 1.659132521900545387e-01
9.202191120212694919e-01 4.836733929633380002e-01 3.107538411133423661e-01 3.327341419163409308e-01 2.272707291820259545e-01 5.330393276846943085e-01
8.589275043997882664e-01 4.990635602459742581e-01 2.516893461232990181e-01 2.811497266515623483e-01 6.134465629707092083e-02 5.672345174880257801e-01
9.577033187224183175e-01 5.409041737457868093e-01 5.756613405030382991e-01 3.746011738049003226e-01 1.342411937209331829e-01 4.105941676921091577e-01
9.962307620623547244e-01 6.130304407455166027e-01 5.796433990478941922e-01 3.999257673527899515e-01 3.407504913646736133e-02 3.882943547853149879e-01
3.788010456557843741e-01 6.231324179495087989e-01 8.068068232267611162e-01 6.040019054354360817e-01 9.998888501508902404e-01 3.910015338536333429e-01
4.522947344898354816e-01 5.968619513239401542e-01 7.977789861803864513e-01 7.258618158801343201e-01 9.978376424861981064e-01 4.657524647302421217e-01
2.592648750111530287e-01 5.925009922082195013e-01 8.033233122223681910e-01 3.802701215004813950e-01 9.882404551876767806e-01 2.716436441595650453e-01
9.324667370959824897e-01 5.685756397820794783e-01 2.157508825585950918e-01 4.180754572434289829e-01 1.178309109278423139e-01 5.330393276846943085e-01
9.799999606925970941e-01 5.773788595350400898e-01 5.983255593423529861e-01 4.162524514827063427e-01 1.995860064450972748e-01 4.106446818489263295e-01
1.017689217801247825e-01 7.090380402276328375e-01 4.445951467161216586e-01 7.740018381444643825e-02 9.286007786343478676e-01 2.367351553546545584e-01
2.592648750111530287e-01 5.920334988250691710e-01 8.056794530183866154e-01 3.802701215004813950e-01 9.882404551876767806e-01 2.614322105324483059e-01
9.595433428822621735e-01 6.171784379758605832e-01 5.796433990478941922e-01 3.746011738049003226e-01 1.332638486249171916e-01 4.290024844420622929e-01
