9.971891341628961181e-01 8.934718327134624424e-03 1.164966855530046030e-02 9.956144269666296065e-01 9.587532204990095730e-01 5.258895418352227402e-02
6.803671406288216983e-02 9.225204538356132078e-01 9.155896657540359973e-01 1.388954058392605218e-01 1.905823372642191649e-01 1.790628524514638609e-01
7.047573570889199557e-01 9.472024373446955026e-02 9.101893401639487013e-01 9.957011995869435861e-01 1.903336775062430541e-01 9.983362290091047919e-01
2.985148211481433167e-01 9.896773808243730652e-01 9.992834265768810731e-01 1.193808187556931188e-01 5.022352420080367086e-03 2.082789057080896011e-01
3.484551944841361437e-01 1.458716311043261465e-02 8.591762109446565709e-01 6.630611776119951228e-01 9.274306181935201288e-01 9.995000937036269129e-01
9.966686593712983377e-01 1.056238685526419419e-01 1.020847416506648342e-01 9.998294731218071441e-01 9.984342216135534409e-01 9.162109849188344590e-01
6.228170320133279425e-01 6.449594186656467526e-03 9.726911564752320771e-01 9.984703503318047568e-01 8.235456716984812520e-01 9.783156756878566007e-01
6.738503954206220836e-01 6.730469200859540146e-02 9.992461444867620779e-01 9.927546682354403407e-01 3.121003318824167039e-01 9.732263468784695393e-01
1.858299184028877893e-01 9.325992212137517168e-01 9.340516402215056635e-01 1.484415678156294771e-01 8.160687090437837576e-02 1.833392777200832380e-01
9.973410576561606566e-01 1.006385003837478517e-02 8.942906419148854980e-03 9.998285202559499263e-01 9.587141142078515754e-01 7.859858672290530590e-01
2.899655181062155695e-01 9.230077680053300204e-01 9.382816190924072597e-01 1.820657605904998644e-01 7.418272849048021533e-02 1.587088836158061789e-01
9.975988665889518048e-01 6.578126631498758259e-02 7.297147092985231849e-03 9.977082190432227105e-01 9.674211258588133466e-01 3.575839311446196711e-01
6.205039905084696050e-01 7.412924877061825846e-02 9.996777479687904977e-01 9.926873620928446940e-01 2.544411045428082718e-01 9.783816057771624886e-01
9.989170066930282976e-01 1.006385003837478517e-02 2.680408240705222170e-02 9.997715584245997489e-01 9.543602338709659128e-01 6.852890748252573605e-01
4.055180397109140467e-01 1.303891637611677944e-02 8.543100770622719109e-01 8.643599605306103717e-01 8.909435545798082279e-01 9.952417790679224385e-01
2.359245344766584540e-01 9.459404161882198903e-01 9.886767337735740124e-01 1.268998378980870090e-01 1.277035663883269723e-01 3.776996954811517870e-01
1.086837584452644417e-01 9.246107829116730903e-01 9.480478404473290377e-01 4.797840557132521111e-02 1.038937711703536160e-01 2.337846906261891733e-01
9.977283785521481319e-01 1.074566459934750938e-02 8.940692185608438425e-03 9.999948107082959892e-01 9.515183993238003346e-01 9.682461711387960746e-01
2.252063199236062352e-01 9.306226964228583309e-01 9.944577936987603062e-01 1.805928659512270329e-01 7.458374560452450674e-02 2.855663646064088845e-01
5.921955756555622452e-01 1.149170971735696822e-03 9.766909291452994246e-01 9.999673658763971185e-01 2.992851489915763774e-01 9.783816057771624886e-01
9.998471619829470969e-01 9.105103616006107042e-03 1.620321665916473960e-03 9.958308410281418999e-01 9.760309790852745859e-01 1.800760675259459043e-01
5.921955756555622452e-01 1.149170971735696822e-03 9.647369165715481421e-01 9.999673658763971185e-01 9.563086030055123477e-01 9.769909969893624258e-01
9.966686593712983377e-01 1.074835995505352693e-01 1.008363111071213791e-01 9.995569377157260682e-01 9.753730978940728935e-01 6.430319343491028850e-01
8.836596736551219911e-01 1.006385003837478517e-02 9.410413890561536432e-01 9.995540256877836205e-01 3.051827650015838111e-01 8.273299351080370956e-01
9.633864838051485746e-01 5.753839761624718330e-03 1.874077760389503688e-01 9.956181760855857821e-01 9.943849859040201355e-01 9.686167983394926573e-01
5.411606721424881972e-01 1.314525923023249221e-02 9.566035269153717602e-01 9.028659145533103336e-01 8.505617486661107840e-01 9.977329856110286332e-01
3.699731413610607422e-01 1.524873088175447873e-02 8.591762109446565709e-01 7.814247270705766413e-01 8.654829575550080367e-01 9.995000937036269129e-01
9.650166647726273750e-01 3.888163508019069903e-02 4.725607768610480541e-02 9.983190665685107712e-01 9.790832781393410400e-01 4.577790012919280560e-01
5.363973091263719573e-01 1.259020462265739507e-02 9.724221447854273226e-01 9.999269490922859660e-01 8.239621878670096988e-01 9.977478670314892106e-01
9.541169546539765012e-01 9.309079004176593064e-02 9.616979052464494915e-01 9.925850113825064325e-01 2.886582959494171652e-01 8.068365417607499257e-01
5.788899521998351894e-01 1.284817008176415351e-02 9.556132951107496609e-01 9.758609392227735047e-01 8.941449703208718125e-01 9.974829264552488306e-01
9.926177338654481597e-01 3.854275179621344249e-02 3.075143706928573639e-03 9.934186744375531619e-01 9.595451289914056492e-01 3.950372237079265991e-01
3.954589104813794886e-01 1.309495432538037435e-03 9.018631822576218537e-01 7.604661964270353902e-01 8.791840057605728731e-01 9.994780753868102163e-01
9.963408415168635290e-01 1.074835995505352693e-01 2.785527271664006710e-02 9.945979489852786459e-01 9.580237133692746099e-01 5.808051813127768082e-01
9.989170066930282976e-01 1.006385003837478517e-02 8.942906419148854980e-03 9.995540256877836205e-01 9.557715988130227602e-01 8.273299351080370956e-01
7.965535989577529064e-01 6.540936013068113231e-04 9.988920030573142927e-01 9.905975837116057781e-01 2.872131618370687978e-01 9.731900305972503995e-01
4.846902211008415895e-01 1.376405068423912012e-02 8.624753019416649957e-01 9.946102497472496529e-01 9.274306181935201288e-01 9.989366373792708531e-01
4.945468161052382072e-01 1.424811657401331769e-02 8.624753019416649957e-01 9.996650434376406213e-01 9.287476821200849608e-01 9.921143004867756243e-01
1.086837584452644417e-01 9.240581021004227180e-01 9.094497925969363683e-01 4.797840557132521111e-02 1.038937711703536160e-01 1.698419998525342867e-01
1.748334171935179704e-01 9.959933241161957884e-01 9.987491683735527648e-01 1.576541454336720660e-01 3.549547954363402313e-02 1.851622505096203186e-01
9.172897740802530286e-01 8.195971118639808206e-02 1.874077760389503688e-01 9.933335834850490764e-01 9.932941927474525645e-01 9.960540448744386044e-01
6.548486969678656289e-01 5.018851935419373078e-02 9.992541140816730838e-01 9.968218660899983430e-01 8.325767492168678618e-01 9.972150000809592019e-01
2.985148211481433167e-01 9.999883584507753831e-01 9.992834265768810731e-01 1.596049237899895834e-01 3.549502586856451147e-02 2.082789057080896011e-01
3.988392013157811000e-01 1.092433624544404333e-03 9.018631822576218537e-01 9.802504040909614247e-01 8.941460789686092037e-01 9.994780753868102163e-01
4.510260944793305082e-01 5.601750384950046624e-02 9.964781857053985892e-01 9.040086465054824050e-01 8.464234613561691933e-01 9.842444641118963666e-01
9.990920500875204446e-01 5.515285518366770667e-02 2.685829744105761030e-02 9.994341215201399953e-01 9.619933249284255972e-01 6.812593290788734324e-01
3.484134833150810406e-01 1.458716311043261465e-02 8.624753019416649957e-01 6.910026464433937088e-01 9.274306181935201288e-01 9.995000937036269129e-01
9.971155313511484986e-01 3.954320131302983127e-02 4.332632116337227501e-02 9.969198429194560118e-01 9.790832781393410400e-01 4.577790012919280560e-01
8.721871743354272510e-01 1.636801282569982918e-02 9.704599465647411050e-01 9.955370908248746264e-01 2.658402007073776274e-01 9.929585038456328894e-01
7.965535989577529064e-01 4.665815345357033489e-02 9.988920030573142927e-01 9.905975837116057781e-01 2.872131618370687978e-01 9.731900305972503995e-01
