1.668015616907720777e-04 4.563103754486275143e-01 3.440985944044945843e-01 2.400972253482278052e-01 1.864391538748647881e-01 1.845885972897901017e-01
1.707610320686737959e-01 4.774046219435034918e-04 3.939166975093858977e-03 4.461992751536136836e-03 3.490122592636410448e-04 6.949728845774996548e-04
1.342010570105402201e-01 6.314950348621450882e-03 9.815491800198306027e-05 1.030226077032272460e-03 7.440529180853229724e-04 7.905048600470602951e-04
1.046605965659398729e-01 4.443003594221381358e-03 3.888270474783854687e-03 4.639258117000925712e-04 3.490122592636410448e-04 8.735048253878906210e-04
9.486856471700144677e-02 6.933488198764385397e-04 3.676951371234509630e-05 3.895356894903820311e-03 2.608048881274410073e-04 3.733012826876662806e-04
7.625240016980101843e-02 4.448825491298259889e-03 2.895468178575488598e-03 3.794067185078068248e-03 7.299481375098749178e-04 1.054833533612825830e-04
6.620048734992686756e-02 1.113039893639822643e-03 1.017507886389672211e-02 2.175098012999539688e-03 6.757405313263581056e-03 3.552309628102327983e-04
1.472876769187978774e-01 6.353577426485735626e-03 2.162914208226146551e-03 3.519683264503747910e-05 7.495035011120462776e-04 5.240461733551056780e-04
1.202338934383240547e-05 3.510339167923504089e-01 2.498549880221005992e-01 1.527954916132244212e-01 7.404153115832591558e-02 3.146837713718901239e-03
5.037831003145430697e-02 8.934016674649533640e-04 5.522390826122308000e-04 4.047332745323109493e-03 1.303116562724313974e-06 3.526747766271714048e-04
1.507898811633575364e-01 2.251541522283473547e-03 1.180346973270992098e-03 3.300785472711337178e-04 7.407645270524252333e-04 2.892606953078064209e-03
1.662152197932440368e-04 4.563103754486275143e-01 3.448749386728798827e-01 2.400972253482278052e-01 1.748801244741778893e-01 1.540568195141762409e-01
4.299441682125511732e-06 3.417829343549803056e-01 2.498549880221005992e-01 3.662112114565891502e-02 7.441538876188204255e-02 4.340083320711070336e-03
1.451160160770929831e-05 1.948086463101323940e-01 9.266165423283845293e-02 3.636440015906471351e-03 7.412904524690497321e-03 4.388269845847956978e-03
5.813113392187235773e-04 3.172250434026392674e-03 2.985380456675030842e-03 1.356949190475485734e-03 2.801641625582787509e-04 1.976230135410894130e-03
1.257218378979670093e-02 9.363313283745996378e-04 3.931323361609522296e-03 1.002171642398658191e-02 4.722494078249097997e-07 1.611065647304070437e-03
1.611972338454964460e-02 6.003548605909936851e-03 2.185217084807909108e-03 4.120424531460953506e-05 5.125869880373185071e-04 3.681678469552500475e-04
1.667805454836580794e-04 4.195028574341578276e-01 3.098594818843421472e-01 2.439110805510598667e-01 1.871516790413998987e-01 1.194738802895319307e-01
1.274936572667179945e-05 3.321818029624024615e-01 6.691885443511735865e-02 2.590087256580652156e-02 6.538407548134608782e-02 6.326212773038682007e-03
1.615505632067040231e-01 3.048712360740083935e-04 3.939166975093858977e-03 3.877207531445401711e-03 3.490122592636410448e-04 6.949728845774996548e-04
2.772879895914848181e-02 7.686787355687084433e-03 1.002565010788967516e-02 4.521437943598377932e-04 7.369039126977816254e-04 3.680148134733634896e-04
3.095726274613097269e-05 4.275626655152409139e-02 1.594597049226303270e-02 2.483520137696392655e-02 7.432686805142300901e-04 4.312352684386519877e-03
1.182680227750288788e-04 3.267855692154433833e-02 1.068344387010320973e-01 3.835946346131630103e-03 8.184864983125605259e-03 4.587113880060431081e-03
4.064452723848993587e-02 1.510302744340755350e-02 1.357431291737655824e-03 4.423881876099340377e-04 5.125869880373185071e-04 2.923259118029906695e-03
1.604603990593679863e-01 4.556994759494384893e-03 3.939166975093858977e-03 3.877207531445401711e-03 3.490122592636410448e-04 6.949728845774996548e-04
2.469661122752563054e-04 1.341208428192867952e-01 1.504349270838499161e-02 1.242306082037258376e-02 1.113742449130799422e-02 1.533240544722481915e-03
1.639770709021057119e-04 1.930228620218402691e-01 2.236696483776268868e-02 6.821129849511494564e-03 7.412904524690497321e-03 4.388269845847956978e-03
1.008560157019660654e-06 2.796941725421185354e-01 6.691885443511735865e-02 2.530355897346280719e-02 7.411349539894036831e-02 2.770385036572932391e-04
3.033489569075244066e-06 4.171753196554980336e-01 3.170016848236680285e-01 1.985513439109398148e-01 1.734773981945565979e-01 1.064385191947621878e-01
1.035704324186400432e-01 4.630722901103893202e-03 3.888270474783854687e-03 3.877207531445401711e-03 3.490122592636410448e-04 8.735048253878906210e-04
3.359401430259928019e-06 2.501518816380744470e-01 2.338073980084786063e-01 3.382069527458340941e-02 7.776743425642004826e-02 1.371857338316954077e-03
3.601698439794636547e-05 3.504031398267527520e-01 3.057848525979143806e-01 2.125848485829809620e-01 1.187468981218962188e-01 1.374153353118054421e-01
6.846362964230896797e-02 3.172250434026392674e-03 2.985380456675030842e-03 1.291287051557080340e-03 3.079951453156450775e-04 1.974321607124265594e-03
1.829455826762591073e-04 3.676266078652042357e-01 2.751069624701897864e-01 3.484888425304093901e-02 7.444165460783910837e-02 4.308930825924414676e-04
1.449847310889546676e-05 4.170832282154851023e-01 3.099436843414589138e-01 1.902734751820188697e-01 1.204361263379551267e-01 1.169232218649992466e-01
4.593752339226636616e-02 7.686787355687084433e-03 1.056569527959746839e-02 4.367037238114141080e-04 7.359494867879229699e-04 3.680148134733634896e-04
1.231057438731537890e-03 3.267855692154433833e-02 3.196561218093994794e-03 5.584172581356530718e-03 8.184864983125605259e-03 1.988226957332013198e-03
2.772879895914848181e-02 7.376490674120821101e-03 1.002565010788967516e-02 4.120002217373306200e-03 3.279470186957628023e-04 3.733271722632280540e-04
1.149500264023838730e-03 1.950150390497636943e-01 2.943115822302984439e-03 6.828066691447090379e-03 6.183674124047966025e-04 3.676992893573930582e-04
4.246742584768396431e-05 3.446991172163241246e-01 1.515616299095221553e-01 7.522066339828559212e-02 7.427465225380200375e-02 3.888779153212170575e-03
4.246742584768396431e-05 3.450346229391623165e-01 1.443847297950547615e-01 7.522066339828559212e-02 7.427465225380200375e-02 3.888779153212170575e-03
4.299441682125511732e-06 2.501518816380744470e-01 2.411900728725755449e-01 3.382069527458340941e-02 7.441538876188204255e-02 1.371857338316954077e-03
2.591673553064952382e-06 3.141994763758939047e-01 6.691885443511735865e-02 2.590087256580652156e-02 6.580214003009351997e-02 6.326212773038682007e-03
1.779974290395044752e-06 2.478141412299802449e-01 6.600337894925611959e-02 3.379771937495759659e-02 6.581369763099112480e-02 1.088691329972378552e-03
7.625240016980101843e-02 6.003548605909936851e-03 2.184108042052520030e-03 3.794067185078068248e-03 5.125869880373185071e-04 1.151692153897857299e-03
1.116732055719276578e-05 3.994372226505097934e-01 2.727762291894434421e-01 1.282897261573919256e-01 1.482833784506181751e-01 7.037450482931731366e-02
1.642634869683159006e-04 3.515301605525810724e-01 3.027667844553993959e-01 1.902734751820188697e-01 1.204361263379551267e-01 1.201199931211406613e-01
1.662030792234764874e-04 4.195028574341578276e-01 3.098594818843421472e-01 2.439110805510598667e-01 1.865664784709918922e-01 1.194738802895319307e-01
3.601698439794636547e-05 3.504031398267527520e-01 3.057848525979143806e-01 2.083552796124296391e-01 1.248796543850757557e-01 1.377585977553330565e-03
2.469661122752563054e-04 2.492190097650210379e-01 1.504349270838499161e-02 3.375597807404118883e-02 9.002149984755378198e-02 1.430106643676932934e-03
