1.187098444637139094e-01 9.265179686603137316e-03 5.705492834231416094e-03 8.047491858008959387e-04 2.729948637042747817e-03 5.992032205195563233e-03
1.274777255101289426e-04 1.675196875731126134e-01 2.939502058809062013e-01 6.248367466587855246e-01 4.399301640849676565e-01 5.600243095703820728e-01
1.147120089159362338e-01 1.577906367170837931e-02 3.641926390327129143e-02 1.404452095196823125e-03 9.139792137054226356e-03 6.890524405560387658e-03
4.347444397437819075e-02 1.821738404128170861e-03 5.615276640066182989e-03 1.620222345952507248e-03 1.318840639791311886e-03 6.628054878993330790e-03
4.652123803158395889e-04 8.047385091750994257e-02 3.577277116215651226e-02 3.179441139094411617e-01 3.235866771357467364e-01 2.919364403367584182e-01
4.257735236659149214e-03 2.769326460849954891e-03 3.588920138593677811e-02 2.997512754674006019e-02 8.031191053748814451e-03 1.164811860763072526e-01
2.257159259458556239e-05 3.093746970965071882e-03 3.952773667145252591e-04 1.693566367937437145e-01 1.318976838313658528e-01 1.897172807355115842e-02
3.406235649685358975e-05 1.776764264078156685e-01 2.410018079885871967e-01 5.486552501323384012e-01 3.307362765060507526e-01 4.238575984309276290e-01
7.123529974211591199e-05 4.364118415854205402e-04 6.233097428303512738e-02 2.308805063299667337e-01 3.739865857506017299e-01 4.281482465948726612e-01
2.963817867035680332e-04 1.034066997499893670e-01 1.295958506817372902e-01 5.217981972079912545e-01 4.388390854202996461e-01 4.447097071183531147e-01
7.816031871127381361e-05 9.887671197978291360e-02 2.082211273807124952e-01 4.050161667763112483e-01 3.388807834121396745e-01 4.464619144841931453e-01
1.198670518277149266e-03 4.716767171988586055e-02 1.374054784420993686e-02 5.072360440771973150e-02 3.808154974737798515e-03 3.461407026375618035e-02
7.056732416325223450e-05 3.136814719208159269e-02 5.802161885252085649e-02 1.507026957096751496e-01 5.726356438218571654e-02 8.496352463463680005e-02
2.580479531030199086e-02 4.369090254531581008e-02 1.374054784420993686e-02 5.072360440771973150e-02 3.451396824779739969e-03 3.461407026375618035e-02
2.257159259458556239e-05 3.093746970965071882e-03 3.952773667145252591e-04 1.693566367937437145e-01 1.318976838313658528e-01 1.611577581924249769e-01
2.717840000882282975e-03 1.822370308088151585e-03 5.317410624655348993e-03 1.620222345952507248e-03 1.318840639791311886e-03 1.312491469861801208e-03
7.056732416325223450e-05 3.136814719208159269e-02 5.802161885252085649e-02 1.507026957096751496e-01 5.726356438218571654e-02 1.659512891936532064e-01
4.347444397437819075e-02 1.597249744539100402e-02 5.615276640066182989e-03 1.765752251169663833e-03 5.825758437162594644e-03 1.391616308960542947e-02
1.258832773548042717e-04 2.442899557858840831e-03 7.846965162385444170e-02 1.935012643348702766e-01 5.726356438218571654e-02 8.649745535436789701e-02
2.392092230971733235e-03 3.127881586836187000e-02 6.474203576381908770e-03 1.514281468036771661e-01 1.716681510849919073e-03 8.496352463463680005e-02
4.523692846398831612e-04 2.332911302726523028e-02 3.588920138593677811e-02 2.071484128530609869e-01 2.906700266730098403e-01 2.682994693118117002e-01
2.963817867035680332e-04 1.750412004358994356e-01 2.693157473781033762e-01 5.486552501323384012e-01 3.307362765060507526e-01 4.497095314393340648e-01
7.649233454312170857e-04 1.480624626231805130e-01 1.379107407419750131e-01 4.194545017040214319e-01 3.349663609371053008e-01 4.091960959362447303e-01
1.274777255101289426e-04 1.675196875731126134e-01 2.939502058809062013e-01 5.799964004917632643e-01 3.130255243559252887e-01 5.607923710755232660e-01
7.649233454312170857e-04 2.793812857149573226e-03 1.010609520130432981e-02 3.482801722704248482e-01 1.559410908738614321e-01 1.868309482221399698e-01
4.073503078285589294e-04 7.403059278956376256e-04 3.759094787550905370e-02 3.250137624666354919e-01 3.238955735589187923e-01 2.634940902879867042e-01
7.216177232039161591e-05 1.697785161674789101e-01 2.847452929970444302e-01 5.509921612763212240e-01 4.315455991431175753e-01 4.407972847159944418e-01
4.136337966986345510e-03 4.000527245077357963e-03 1.374384186690242454e-02 1.779460675058655850e-01 2.424993189471334742e-03 3.527515747868205376e-02
7.056732416325223450e-05 4.162841662219430791e-03 4.853234822274316018e-03 1.772791229977526695e-01 1.735866373304272015e-01 1.593878998978774941e-01
2.963817867035680332e-04 1.675201682712233742e-01 2.678748178289927506e-01 6.179375275997742722e-01 3.307362765060507526e-01 4.497095314393340648e-01
4.523692846398831612e-04 3.140675494792279088e-03 3.588920138593677811e-02 2.015684552798501505e-01 2.906700266730098403e-01 3.134869766224965826e-01
4.652123803158395889e-04 8.064338655675054590e-02 1.170346246141861120e-02 3.181491707926437096e-01 3.209635043709433422e-01 2.762466597388098521e-01
4.523692846398831612e-04 2.669089895266520129e-03 1.876994018918766438e-02 1.764024560550494780e-01 2.692893426287064629e-01 2.627315841002128005e-01
1.301270630908831676e-04 1.619138145678696711e-02 3.855815531844659742e-04 2.631534966506942075e-01 2.923925179221436021e-01 1.075107314560702770e-01
5.094771344749712393e-06 3.980436611084627041e-02 1.372174805061104896e-01 3.462692874840834767e-01 3.293121340682291232e-01 4.582601740410081059e-01
1.198670518277149266e-03 4.369090254531581008e-02 1.374054784420993686e-02 5.072360440771973150e-02 3.451396824779739969e-03 3.461407026375618035e-02
2.257159259458556239e-05 5.227315835173237599e-03 3.952773667145252591e-04 1.693273027830864141e-01 1.583288530179263742e-01 1.611577581924249769e-01
1.156767444129870446e-04 8.523713865837983378e-03 1.372174805061104896e-01 2.650323789803536445e-01 3.336408672046093371e-01 4.281482465948726612e-01
3.450290089513007204e-03 2.823781433374405840e-03 3.381381757951433965e-03 2.004886561576640913e-01 1.410536469090129530e-01 2.515395477446503714e-01
1.301270630908831676e-04 3.143646205132508576e-03 2.341680840072498174e-04 2.015709329095080604e-01 2.923925179221436021e-01 1.047097121459199254e-01
4.839000817537077517e-04 2.223330528092785918e-02 1.092347600974317295e-01 3.234775901729129988e-01 3.242522249398740453e-01 4.092550724644490323e-01
2.963817867035680332e-04 1.418043600396763082e-01 3.209285153964225312e-01 5.549170681962726226e-01 4.346886657456778824e-01 5.242233645690812516e-01
2.963817867035680332e-04 1.128101271622067026e-01 1.295958506817372902e-01 5.509373872575881181e-01 3.307764769992436737e-01 4.447097071183531147e-01
4.652123803158395889e-04 8.064338655675054590e-02 1.170346246141861120e-02 3.181491707926437096e-01 2.461403962048319682e-01 2.762466597388098521e-01
1.943545734373309749e-04 2.136193406706078657e-02 1.383768250402449274e-01 3.814181833990673010e-01 3.335485734385815748e-01 3.883849223151643604e-01
7.649233454312170857e-04 6.627504780785005434e-04 1.010609520130432981e-02 3.482801722704248482e-01 1.572014928748874107e-01 2.072872104725845821e-01
3.853639728600502697e-03 1.587036727239173745e-02 3.390579607203902945e-03 1.779460675058655850e-01 4.244382182526020703e-02 3.227482348458909911e-02
4.839000817537077517e-04 2.223330528092785918e-02 1.092347600974317295e-01 3.234775901729129988e-01 3.242522249398740453e-01 4.497419911604553788e-01
7.816031871127381361e-05 9.887671197978291360e-02 2.136958888529194023e-01 4.048730837009923977e-01 3.388807834121396745e-01 5.092502471255409002e-01
3.450290089513007204e-03 1.587036727239173745e-02 3.527046665177766861e-03 2.620712198988502384e-01 1.106426701694911974e-01 2.469358457436982568e-01
