2.393413024521132693e-01 1.880887865019514275e-03 6.729130603235157406e-04 2.139577974716403222e-03 2.270179640295591278e-04 3.372776993864679863e-04
3.336377856380968055e-05 4.481319054483988151e-01 3.145871323299441191e-01 2.111726504205189703e-01 2.003325366106037397e-01 1.323958319837010567e-01
2.207166653029852821e-01 4.207933155919323966e-04 1.871973845013141791e-03 1.399418685969481668e-03 3.672803444218879221e-03 2.931652441701673370e-04
8.503546977372539173e-02 4.223432231185680896e-03 3.296808248627776383e-05 1.353206526249685999e-03 2.534360185613350903e-03 4.940097488268513359e-04
5.753012067349476399e-02 5.136952464245702829e-03 1.129756141269228943e-04 2.259958957975343428e-03 1.115997993553759313e-03 1.374812708815542281e-03
1.654885922881243199e-01 5.151576989038009202e-03 3.292004214100405224e-03 2.053446246142836586e-03 1.244081094671586722e-03 6.992758195477986188e-04
3.283720783948743116e-04 2.735855107026041733e-01 1.204436624515152626e-01 2.394430810720458297e-02 2.734263123928906865e-03 6.086592630285296221e-03
1.545453241630208585e-01 1.120442467272650400e-03 2.607539479208370549e-05 2.142743472408122074e-03 1.989979936758584124e-03 1.051101523057216929e-03
1.120331784913864426e-01 4.223432231185680896e-03 9.771446756384818966e-04 1.316042232453575392e-03 7.596612960984044059e-03 4.964676599066106949e-05
1.550049902158499989e-04 3.412591957924038244e-01 2.694080964211046925e-01 2.551119204341905644e-01 1.174575749480074871e-01 6.753068508895772315e-02
4.220778994576003529e-02 2.526433613783324317e-03 2.028464820904027702e-04 6.952777570917233023e-03 7.379753283376184678e-03 1.724748419559093970e-03
1.959147343784644613e-01 4.640776757328378063e-03 6.458890635742571551e-05 1.350849870555744566e-03 1.039674850092840719e-03 3.239334422778270689e-03
6.071152616946603846e-04 2.001174539946438402e-01 1.732471083800703193e-02 3.703462461814952845e-03 1.836549497291826288e-02 9.462992113084326556e-03
1.547794000614829003e-04 3.412591957924038244e-01 2.965275406550578197e-01 1.502370704688012482e-01 1.203619239985311978e-01 6.753068508895772315e-02
1.020863003665470759e-04 3.459876663995380963e-01 9.744405048861137786e-02 6.367549265321459373e-04 5.796900105994478442e-02 5.768518580333142909e-04
1.831184089993856956e-01 3.580838921724033286e-03 1.333079795569434151e-05 2.053446246142836586e-03 1.244081094671586722e-03 6.992758195477986188e-04
2.377991054036730778e-01 1.880685888115074316e-03 6.731197472557972966e-04 2.266557530813552608e-03 1.115997993553759313e-03 1.232983129176749642e-04
7.738766550752393392e-02 2.350584288885356789e-03 1.839127324879200054e-02 2.061307249304958691e-03 5.572626024871484007e-03 1.135804067957643659e-03
5.958319234270371013e-05 4.263150923448604801e-01 2.714121338379320014e-01 2.100198914819559892e-01 2.079906423652094771e-01 1.331153430682670835e-01
2.451967383279715033e-05 3.147050865515040874e-01 2.694275797367890468e-01 4.890934998229871933e-02 1.087819529327661155e-01 3.372522804427173504e-03
6.660512616691195015e-05 3.136297107131599260e-01 2.328078077126272127e-01 1.739539140177687182e-01 7.200295701684103489e-02 2.192719499317668901e-03
3.130448537221705194e-05 4.207186218117008880e-01 2.804611721559399640e-01 2.092893203325713047e-01 1.174575749480074871e-01 6.753068508895772315e-02
2.042093552456717420e-01 1.906206688358398193e-03 6.729130603235157406e-04 1.878617963528042903e-03 2.269703200148318577e-04 1.058342920659599649e-03
3.192614171800149669e-02 1.901178844132196981e-03 6.836133381997754922e-04 2.273300387365456785e-03 3.295818218023692688e-03 1.057945971034183206e-03
1.383244441755128173e-01 2.178055586264291809e-03 2.154018609130104364e-06 2.205614446242851537e-03 1.687422487650956995e-04 9.924822851769940415e-04
1.020863003665470759e-04 3.459876663995380963e-01 9.744405048861137786e-02 6.367549265321459373e-04 1.120101340479978114e-01 5.768518580333142909e-04
5.275435070752967914e-04 2.950283646594258347e-01 9.503340182783689971e-04 5.812685653768451428e-03 1.813921314309650812e-02 9.600089362140583598e-04
3.145616442924096656e-05 2.536738244132920039e-01 1.267682642934094689e-02 2.033365134694613621e-03 5.959914520353555567e-03 6.015424029425274835e-03
1.179725653704623844e-01 2.230797454688034261e-03 5.178518560404622023e-04 2.056526629824423445e-03 1.326258411109042072e-03 5.769606804089926627e-04
1.549400699661726978e-04 3.538519046765919995e-01 2.253228171978869099e-01 1.502370704688012482e-01 1.174575749480074871e-01 5.768518580333142909e-04
3.371664051586940197e-05 3.555751154197927533e-01 2.222408405762505978e-01 9.262296450860903890e-03 8.656256103418465131e-02 1.143321673128536858e-02
5.958319234270371013e-05 4.263150923448604801e-01 2.715010676134436696e-01 2.100198914819559892e-01 2.114859836731011189e-01 7.008440141323599160e-02
5.127482936376118183e-03 2.751935196527669630e-03 2.146885066695079867e-05 1.761562454605014594e-03 1.382218070648490692e-03 4.798458233704729417e-03
1.020863003665470759e-04 3.478100938750370297e-01 2.761804151434263943e-01 1.650554174298304866e-01 1.261721054376902795e-01 1.135504366954260755e-02
1.549003879501099413e-04 3.412591957924038244e-01 2.253228171978869099e-01 1.502370704688012482e-01 1.174575749480074871e-01 6.753068508895772315e-02
1.837055053054357234e-01 3.588524266350542370e-03 1.954175663904735060e-05 2.052430113930321827e-03 1.248203875830387194e-03 1.408781046991442539e-04
2.451967383279715033e-05 3.413352056607081297e-01 2.366539926562237217e-01 2.185557114699369224e-03 4.495177725567144067e-03 1.845274543003550156e-04
6.709610969528739810e-04 1.485764660074813392e-01 1.356826453482407394e-02 6.952777570917233023e-03 7.379753283376184678e-03 3.260031800922311152e-03
1.000319717789377742e-04 3.553953666791037636e-01 2.871024881452319821e-01 2.392948673418036076e-01 1.214567671808712557e-01 1.561884096489370988e-01
3.003070225471608443e-05 6.194043963677097614e-02 4.449462915311480637e-04 3.115233611708359551e-03 1.366080420190993183e-02 6.971901931512342054e-03
2.062978416977573337e-02 4.223432231185680896e-03 3.296808248627776383e-05 1.977482175898798156e-03 2.534360185613350903e-03 3.249973073994827377e-03
1.270319947548964323e-01 5.329250152786846328e-04 2.002178952591540662e-06 2.203792683546562658e-03 2.058285744270007146e-03 2.893625253233425912e-04
1.316346364719730468e-04 4.526785813128955671e-01 3.033208227134691071e-01 2.111726504205189703e-01 2.003325366106037397e-01 1.308017708432298032e-01
1.380057921234681961e-01 2.270376935768748244e-03 2.146885066695079867e-05 2.297172019323293502e-03 2.233424075179725639e-04 1.009824481679967925e-03
3.003070225471608443e-05 7.700472903139107816e-02 1.725987982339412946e-02 3.115233611708359551e-03 1.348562982383913651e-02 4.936281491222352380e-02
3.003070225471608443e-05 6.505552385848142882e-02 3.231469750998573753e-02 3.115233611708359551e-03 1.366080420190993183e-02 6.971901931512342054e-03
2.451967383279715033e-05 3.413352056607081297e-01 2.299323949558355895e-01 5.099471555917144822e-02 4.495177725567144067e-03 1.845274543003550156e-04
7.127412408214654424e-05 6.633611186547566652e-03 1.745031247351926107e-02 8.713979584968705588e-03 9.616707579957876374e-04 7.321245761904397742e-04
7.738766550752393392e-02 2.350584288885356789e-03 3.074163335015931212e-03 2.139577974716403222e-03 2.270179640295591278e-04 3.257177695031664264e-04
2.062978416977573337e-02 4.171302774123452836e-03 3.296808248627776383e-05 1.977482175898798156e-03 2.534360185613350903e-03 3.250071220022223741e-03
