2.023982489510637028e-01 8.118592356708130911e-03 1.967257408271892022e-03 3.586328360160818442e-03 6.877911656173263735e-06 1.246364504333824508e-04
9.044070085522629317e-05 4.335050087792737261e-01 3.087612923764159190e-01 1.716351914997130967e-01 1.604375051057340962e-01 2.527484606277730639e-01
1.543175394789289279e-01 3.599531052617738723e-03 3.524240713304666733e-03 8.917591051744741624e-04 4.947330148062307803e-05 1.836066035888457917e-05
4.751541205317674765e-02 2.786782626114445161e-02 3.403357192851685226e-03 1.008556804883683003e-04 3.137653473708589946e-03 1.542416023300116623e-04
1.218089034790528352e-01 4.130667299575979667e-04 1.950167456583870368e-03 3.454871559942152958e-03 1.025842227680242615e-04 3.088197242076878499e-04
5.371538935550257410e-03 8.561632661578734080e-03 2.227872055210667300e-03 3.603016467469276514e-04 9.623504464480229191e-04 3.088197242076878499e-04
8.056601310352044798e-02 2.786782626114445161e-02 3.387838325762612852e-03 9.144271144183140076e-05 3.137653473708589946e-03 1.676247073042411162e-04
1.043984739232419467e-01 2.786782626114445161e-02 3.403357192851685226e-03 1.008556804883683003e-04 3.137653473708589946e-03 1.676247073042411162e-04
9.302958033807867677e-02 8.690734686191130265e-03 4.658634640826377245e-04 3.635768536318725701e-03 3.137653473708589946e-03 4.325869414250477218e-04
2.930860837179149981e-05 3.847548940057924360e-01 2.603023873072571326e-01 1.726147232049872193e-01 1.598188886303391065e-01 1.778197245051467978e-01
1.218089034790528352e-01 2.493798914634277886e-02 4.150596718987781091e-03 3.454871559942152958e-03 5.104195025370616805e-05 9.595206538601810942e-03
1.141452513570736225e-04 3.705619587373668589e-01 2.338745829554634836e-01 1.716951254086564183e-01 1.548479414531569731e-01 1.529112891862957069e-01
8.802750872268689001e-05 4.335050087792737261e-01 3.087612923764159190e-01 1.716351914997130967e-01 1.548286379749412855e-01 1.657041967077961531e-01
1.137516144324746961e-04 2.854028692078469098e-01 1.658129787604251948e-01 1.711835186679884838e-02 9.107481758279375658e-03 8.331005710423611266e-02
1.103927743514194755e-04 3.801914104476450951e-01 2.456979932250696885e-01 9.759529732204018371e-02 3.280927299082649073e-02 1.527903121089763117e-01
2.439000730920792837e-05 3.090086764891844529e-02 4.238366108523954935e-03 5.955737332513564436e-03 1.684748985038819757e-02 5.772337585804117668e-03
8.171887960905377390e-02 8.690734686191130265e-03 4.658634640826377245e-04 3.635768536318725701e-03 3.137653473708589946e-03 9.181370708710029360e-05
1.579844058225100475e-04 3.454003998398404995e-01 2.195131782480859717e-01 9.660338482872578292e-02 6.533950270898321311e-03 7.017575369875683755e-02
1.103927743514194755e-04 3.801485888432036830e-01 2.577370064475605904e-01 1.726147232049872193e-01 1.598188886303391065e-01 1.778197245051467978e-01
1.142877143588809667e-04 3.331833170330180671e-01 2.063103647288673237e-01 9.375425663362581263e-02 5.017019133319623736e-04 1.502565587871964037e-01
1.172644877218308114e-04 1.731577615172655848e-01 4.179689606159100665e-03 3.612005058306007755e-03 2.832388930420100259e-04 2.053246199915664122e-02
5.701023027111178478e-04 2.357947799235626529e-01 5.147308667793380060e-02 4.683305896803293539e-03 4.258937578657112644e-04 3.222969592886515411e-02
1.137191414396199988e-04 3.352666533302561813e-01 1.787019386496268847e-01 5.546170375296637090e-03 9.368388200226895890e-03 6.626003755680849594e-02
1.162676787648332834e-04 1.925635038458844983e-01 8.311919643760448673e-03 7.751724029654186859e-03 5.369395165063655349e-03 2.200969296685260923e-02
1.137191414396199988e-04 3.705150977229002551e-01 1.787370140540396612e-01 2.001980322543492341e-03 9.368388200226895890e-03 6.626003755680849594e-02
1.159857026695334885e-04 1.053060553397213578e-01 4.281948638903901837e-03 3.337984273802571331e-03 3.155699610462078114e-04 1.098755878747195540e-04
1.815188152550400774e-04 2.889260703632391958e-01 1.659395259559718616e-01 1.549169156804922412e-02 7.609479864074908569e-03 1.719514009809676447e-02
9.038544085204460376e-05 3.801485888432036830e-01 3.065651949527565812e-01 1.878979157594694027e-01 1.598188886303391065e-01 2.510708824171774545e-01
1.143054358226528393e-04 3.460609361204858292e-01 1.670143339102496127e-01 1.716351914997130967e-01 1.543764273182385571e-01 1.657041967077961531e-01
6.055321673124336446e-04 1.260629978411481056e-01 9.621806747708405716e-03 3.693690406372310275e-03 2.237679105722218537e-03 2.192354276945041383e-02
1.699833193187519353e-03 8.107554806129180225e-03 4.333995307272325848e-03 3.058944516417245844e-04 1.768559795348345620e-03 1.246364504333824508e-04
1.141559634427717363e-04 2.337862287957791496e-01 5.204438374535153011e-02 2.362527141647968731e-02 9.240556617684050206e-03 9.042731516795633750e-02
1.142877143588809667e-04 3.454003998398404995e-01 1.643312572559460505e-01 9.660338482872578292e-02 3.872137350913774229e-02 7.017575369875683755e-02
1.755232748082790717e-05 2.838520960288251072e-01 1.480627184960176812e-01 1.541965952110645188e-02 7.562552753181202465e-03 1.712095964452755442e-02
1.103927743514194755e-04 3.801914104476450951e-01 2.456503919925759893e-01 9.759529732204018371e-02 1.597946852301910525e-01 1.527903121089763117e-01
2.184837312361898195e-05 3.406546846313143750e-01 1.526727003232662971e-01 4.090358622085968343e-03 3.872137350913774229e-02 3.562519905490780375e-02
9.822757031700359075e-05 1.781667765004618931e-01 8.415658865734071403e-02 1.080705196988008057e-02 5.161740560414177469e-03 2.187807837169322353e-02
1.141452513570736225e-04 3.676964937585642246e-01 2.336414040416094906e-01 8.724975399121934205e-02 4.393293324373966080e-02 1.461403672035561652e-01
1.103927743514194755e-04 3.246557707301740425e-01 2.451119184378240667e-01 2.061154368486127486e-02 9.958093463199911913e-03 6.729640612445020320e-02
1.159857026695334885e-04 1.087146607067735193e-01 4.281948638903901837e-03 3.337984273802571331e-03 2.258764079882985987e-03 2.192354276945041383e-02
1.103927743514194755e-04 3.417887928550158994e-01 2.456979932250696885e-01 9.759529732204018371e-02 3.280927299082649073e-02 1.527903121089763117e-01
1.141452513570736225e-04 3.812520376830977886e-01 2.292375198379231760e-01 9.763542754524212608e-02 1.548479414531569731e-01 1.527900629372822283e-01
2.890820139467981109e-05 2.434796725363567171e-01 5.083263408789507470e-02 2.362527141647968731e-02 7.660019182208150160e-03 5.670143884518273614e-02
1.824309278254384410e-04 2.889329160951946696e-01 9.950035747824090282e-02 1.557095278101185663e-02 2.285406331385254550e-02 1.719514009809676447e-02
1.824309278254384410e-04 2.889329160951946696e-01 9.950035747824090282e-02 1.557095278101185663e-02 7.609479864074908569e-03 1.719514009809676447e-02
9.822757031700359075e-05 1.781667765004618931e-01 1.973498584113112658e-03 3.365450719953606146e-03 8.296092075045533032e-02 2.187807837169322353e-02
9.044070085522629317e-05 4.288987036166850286e-01 2.566829107578974534e-01 1.716351914997130967e-01 1.604375051057340962e-01 2.527484606277730639e-01
1.957815363388195088e-04 2.693574794380537152e-01 2.968794768712060619e-02 4.490673201278280735e-02 1.680498132730039174e-02 6.612946211777055716e-03
1.141452513570736225e-04 3.705619587373668589e-01 2.338779850761569523e-01 1.716951254086564183e-01 6.766167292415010970e-02 1.529112891862957069e-01
8.851621669033447621e-05 3.244411387447470596e-01 2.028568587469447571e-01 1.234528897582516105e-01 4.306763472983398539e-02 1.609430131384857465e-01
