8.594033445551683137e-01 2.307004365744952157e+00
5.551115123125782702e-17 4.000000000000003553e+00
2.514179249381771619e-01 3.573194335615994532e+00
6.316312716919914028e-01 3.573164433311169841e+00
1.083755621211618947e-01 3.799196551161989621e+00
1.186420860289550960e-01 3.774662615949632372e+00
9.751200465292358954e-02 3.824964685059824454e+00
6.476345213249634636e-01 3.467912155801208929e+00
6.433879641512684211e-01 3.496667116111189078e+00
7.047637583736495737e-01 3.047588473070668158e+00
2.133601587115986908e-01 3.593608771496952681e+00
6.361284989365580955e-01 3.544441800467872827e+00
7.020509875322147320e-01 3.068138140988601048e+00
2.284668476745643773e-01 3.580736869230535468e+00
1.052438276359389802e-01 3.806660056293256655e+00
1.298324399206938207e-01 3.748080319101540603e+00
5.154064358106275057e-02 3.924396074485315467e+00
6.517142751617404084e-01 3.439823553300171532e+00
6.921238635415239981e-01 3.143404593538085656e+00
1.764982350358136887e-01 3.647760689663192668e+00
7.164033189505459864e-01 2.959941686937672234e+00
1.349444722903976324e-01 3.736097326893679238e+00
6.627621891074995109e-01 3.361621182692454024e+00
5.904796650337579278e-03 3.993766762819197513e+00
6.661725405369559594e-01 3.336929833131005996e+00
7.935589648719711953e-01 2.467989018937635226e+00
7.150273414860983112e-02 3.883876976774478518e+00
7.182062066836858438e-01 2.946484428307388992e+00
8.440302063341331706e-01 2.316225232407727042e+00
7.551084217580404934e-01 2.685870902666765758e+00
1.861517927071313361e-01 3.630826563797131978e+00
6.393265471134147448e-01 3.523594682042039405e+00
1.708694832354924475e-01 3.658395063173608186e+00
6.942963299982691794e-01 3.126942906970159974e+00
6.871149736892016024e-01 3.181281906401622894e+00
1.624136823065543411e-01 3.675303157243820174e+00
7.525860294690306374e-02 3.875725511385587740e+00
8.178777776477443862e-01 2.372906122755539471e+00
8.004353025575755565e-02 3.865138968844691547e+00
8.135771994633208548e-01 2.386908014413550383e+00
6.751852534481760371e-01 3.270665182549921557e+00
7.076622353129866649e-01 3.025667759217505193e+00
7.063680511053159750e-01 3.035449941757405679e+00
6.428231958806613910e-01 3.500418925301062245e+00
4.638315672701126546e-02 3.937330491658999509e+00
6.700622564292632033e-01 3.308497616153760479e+00
5.687684360815897788e-02 3.914073568170347350e+00
2.335628663840464414e-01 3.577778235326214862e+00
7.969873219422543009e-01 2.452330182201051478e+00
3.775887074464762128e-02 3.949085749017286151e+00
8.068896642835883259e-01 2.411150581536672721e+00
1.267020092121459163e-01 3.755477912156226061e+00
2.058225293280337986e-01 3.602211787118109410e+00
1.508732935623531279e-01 3.699921706412693467e+00
7.355254385467028255e-01 2.819942846628954225e+00
6.797115174963732631e-01 3.236931836724928235e+00
6.716956599689651863e-01 3.296479801983827951e+00
7.388678042677914171e-01 2.796261734821007039e+00
8.507392794297502503e-02 3.853791011305256031e+00
7.401251173017444618e-01 2.787497737132068387e+00
7.670159145240582621e-01 2.610974560296659419e+00
7.146919610266426748e-01 2.972751684475498202e+00
8.108641284117796832e-01 2.396385650629012876e+00
2.196051107746736231e-01 3.587561053432064551e+00
7.277165056441667890e-01 2.876293187109087324e+00
3.437114643456423702e-02 3.954695019256368127e+00
1.416237122092586787e-01 3.720679045760257431e+00
8.341852354143259873e-01 2.331656416758290273e+00
7.566759413312084126e-01 2.675689320438888075e+00
1.477686131753352394e-01 3.706800427490697381e+00
7.711745405435644907e-01 2.586242797575571295e+00
8.486192501800889909e-01 2.311552875359517589e+00
4.165429871606479706e-02 3.942409777232285695e+00
1.661339069390149192e-01 3.667734280390735346e+00
7.803937507281014652e-01 2.534351521248058514e+00
7.602249770910333160e-01 2.652985432751932660e+00
7.437494478899513428e-01 2.762216061138036860e+00
6.534162154740104089e-01 3.427972138274402614e+00
6.402031652479127644e-01 3.517821256039268096e+00
7.454079056993206942e-01 2.750807426165389202e+00
6.156466425939527420e-02 3.904684413310788749e+00
6.544078751590990395e-01 3.421031948605586237e+00
7.137209904984294084e-01 2.980033964729780660e+00
6.687640280870290610e-01 3.318017263453092891e+00
9.200986492630180980e-02 3.841314543146005622e+00
7.580616533805524249e-01 2.666766232486842636e+00
1.888724399821236077e-01 3.626376350490734701e+00
6.560281410529658075e-01 3.409638850491765627e+00
6.496046997650961607e-01 3.454405535191397814e+00
7.260751926215345264e-01 2.888297720759511744e+00
8.089949360859141070e-01 2.403200418008599737e+00
6.281294152066496661e-02 3.902136171234949824e+00
8.160844738632939688e-01 2.378591032601954591e+00
6.783136183655054108e-01 3.247377381083944581e+00
7.197005046549397322e-01 2.935362713231485898e+00
6.731384414442207476e-01 3.285828970077680378e+00
1.237426145856928006e-01 3.762503306065452247e+00
8.388815096969045593e-01 2.323383587221412139e+00
7.853257442548670086e-01 2.508372712086953893e+00
7.766369965037752676e-01 2.559010938150304781e+00
8.965069477235471096e-02 3.847919622234008408e+00
8.217307530530045812e-01 2.361446647593946846e+00
6.883274090101222376e-01 3.172126172923875664e+00
1.708898885277404522e-02 3.980176412689600429e+00
6.907623806079087325e-01 3.153712625960814808e+00
3.079220653438100030e-02 3.960396505907568532e+00
1.804153979121258522e-01 3.640681731907473129e+00
6.675466743316621487e-01 3.326916839239058010e+00
7.922387390077789693e-01 2.474204127897978278e+00
6.607261597415319265e-01 3.376247225718060463e+00
7.336582812653539287e-01 2.833292468014589893e+00
5.475167505358219389e-02 3.918232515111354619e+00
8.253925048669162878e-01 2.351525467482175724e+00
7.657025850802919864e-01 2.619922482208573378e+00
6.773415818576870029e-01 3.254626864652490070e+00
6.852297288800074382e-01 3.195498088923904856e+00
1.147464109739226856e-02 3.987286840531773624e+00
8.267666386296962378e-01 2.348049610887028571e+00
6.761280609600847091e-01 3.263660428358703847e+00
6.592704862692800871e-01 3.386648309083210684e+00
7.781033613555088380e-01 2.546848709673271483e+00
1.926128446915461589e-01 3.620504632774891984e+00
7.837590711399355925e-02 3.868852870814167400e+00
2.026229400088093713e-01 3.606277769751605078e+00
6.714920698608564664e-02 3.893134827991100444e+00
7.505817424373417701e-01 2.715774863913968495e+00
7.525285192364992159e-01 2.702824988655045502e+00
7.101215620314720312e-01 3.007108673363432683e+00
7.530302277048124271e-01 2.699509185368288211e+00
7.092729153410249898e-01 3.013508159419240329e+00
7.287923877702019437e-01 2.868520615457570866e+00
2.403049702923040765e-01 3.574977902762882742e+00
8.300497794470592661e-01 2.340297879696312755e+00
7.417144044569392580e-01 2.776326916337746642e+00
7.317155086732938241e-01 2.847268700517622708e+00
1.685377023259452267e-01 3.662950799050289419e+00
7.694583971208979190e-01 2.597329998045431410e+00
8.042575687285167252e-01 2.421493775674305571e+00
7.502571417154291211e-01 2.717946807433020417e+00
6.323869237160397727e-01 3.568388164162191512e+00
6.340787239998344482e-01 3.557621103353632908e+00
2.192444175716929400e-01 3.587882958930413313e+00
7.237923222107772725e-01 2.905075855828329168e+00
7.623774588648277728e-01 2.639460122010193199e+00
7.827727579691980964e-01 2.521658866193118964e+00
7.372635115361249047e-01 2.807592714706280912e+00
7.594352051819948102e-01 2.657994991892270953e+00
8.527462429128571664e-01 2.308740679391513950e+00
6.768149507089224470e-02 3.892014437328451759e+00
7.876213768185543751e-01 2.496728902771584213e+00
6.828450771429454003e-01 3.213439108331767713e+00
6.845578526787746698e-01 3.200559425985961770e+00
1.216459294410554004e-01 3.767495357722681515e+00
1.386360978419782508e-01 3.727537582821519369e+00
8.376010829019535642e-01 2.325475305743204490e+00
7.892025195170220275e-01 2.488879418245012687e+00
1.074994921811978088e-02 3.988162772534271650e+00
2.479965243373799810e-01 3.573363706116842398e+00
7.117374311365890494e-01 2.994939831585356149e+00
6.345866809052963520e-01 3.554368686789737275e+00
7.466079970713084268e-01 2.742604681392684540e+00
8.222676538696942483e-01 2.359932432965113680e+00
7.339989687767706217e-01 2.830850481500801319e+00
6.615706342540508267e-01 3.370191775547290103e+00
6.812288290478338837e-01 3.225569060468897575e+00
7.122185733484520664e-01 2.991320786751688665e+00
6.952918446752841541e-01 3.119395404398457750e+00
8.311904173145838737e-01 2.337788683845497317e+00
7.627621089651503983e-01 2.637063184121672954e+00
1.540890792416756416e-01 3.692903201259385426e+00
6.831003229874036409e-01 3.211521167388514897e+00
7.483995487894010701e-01 2.730444328385077224e+00
7.484551274742980986e-01 2.730068744926890556e+00
1.575473360775345166e-01 3.685486873951344222e+00
2.393300665981326625e-01 3.575303403384092249e+00
1.375153693816545120e-01 3.730126837707150589e+00
7.368714310241106791e-01 2.810372066991457807e+00
6.998921498907273442e-01 3.084505988769483675e+00
8.044354942551174004e-01 2.420780601329767023e+00
1.988727485033593978e-01 3.611345810174857451e+00
8.013670498613255644e-01 2.433360363585510999e+00
7.297754012738917329e-01 2.861308555097496598e+00
7.741450129963598492e-01 2.569068653420914394e+00
9.412163366314302282e-02 3.832912667839678100e+00
2.213796741254142608e-02 3.973276487031913717e+00
7.976558864075167232e-01 2.449358595710130704e+00
8.612524522410586192e-02 3.851393812379820591e+00
6.966181482860861474e-01 3.109337502109917217e+00
6.893811887374428071e-01 3.164161251459873370e+00
1.588607333930903420e-01 3.682708250278457385e+00
8.556889062005840207e-01 2.307545298888166396e+00
1.795448803171267316e-01 3.642231119208597878e+00
1.809309433962667801e-02 3.978836540521172527e+00
4.437567617698634503e-02 3.937601388543397363e+00
6.810600561231735517e-01 3.226834181166505111e+00
7.687533928104277603e-01 2.600546158627630611e+00
1.548578088121999041e-01 3.691242486823003599e+00
1.445166770078956664e-01 3.714104259798336027e+00
7.212322467680116755e-01 2.923994997297548526e+00
7.248296922599064551e-01 2.897440311274951164e+00
