1.376568363654889993e+00
1.566761587705988168e+00
8.549026860815366335e-01
1.055566956369975662e+00
1.203989313856511645e+00
5.160617076110044499e-01
2.259259945705859376e-02
3.802847991547911310e-01
1.175183783936893489e+00
1.103830786864408164e+00
2.181062786765478323e-01
1.530049855278274418e+00
8.372618333020007686e-01
1.023087033220905662e+00
7.566074427918444423e-01
9.507565491158253002e-01
1.616293386592637216e+00
9.328983513666024852e-01
8.762788688135885184e-01
4.939380237104591398e-01
3.800419924683434703e-01
5.506677124208912977e-01
1.307432007844343547e+00
1.122005088581033094e+00
1.447228250302930341e+00
1.476590476362570348e+00
1.225940430178328322e+00
